DAYA,2007-01-03,0.1800,0.2025,0.1800,0.2000,4166
DAYA,2007-01-04,0.2000,0.2350,0.2000,0.2350,6698
DAYA,2007-01-05,0.2350,0.2400,0.2150,0.2275,6206
DAYA,2007-01-08,0.2250,0.2550,0.2200,0.2500,6368
DAYA,2007-01-09,0.2550,0.2725,0.2550,0.2625,9062
DAYA,2007-01-10,0.2650,0.2650,0.2550,0.2550,4064
DAYA,2007-01-12,0.2550,0.2650,0.2500,0.2500,3378
DAYA,2007-01-15,0.2525,0.2550,0.2150,0.2300,7982
DAYA,2007-01-16,0.2300,0.2300,0.2175,0.2175,1994
DAYA,2007-01-17,0.2175,0.2325,0.2175,0.2325,1722
DAYA,2007-01-18,0.2350,0.2400,0.2250,0.2250,2810
DAYA,2007-01-19,0.2225,0.2250,0.2175,0.2250,1578
DAYA,2007-01-22,0.2300,0.2300,0.2200,0.2300,1158
DAYA,2007-01-23,0.2300,0.2300,0.2250,0.2300,1878
DAYA,2007-01-24,0.2325,0.2325,0.2225,0.2250,1574
DAYA,2007-01-25,0.2250,0.2250,0.2075,0.2150,2070
DAYA,2007-01-26,0.2075,0.2150,0.2075,0.2125,360
DAYA,2007-01-29,0.2125,0.2200,0.2125,0.2200,1032
DAYA,2007-01-30,0.2250,0.2250,0.2200,0.2200,512
DAYA,2007-01-31,0.2200,0.2200,0.2150,0.2175,498
DAYA,2007-02-02,0.2175,0.2175,0.2175,0.2175,254
DAYA,2007-02-05,0.2150,0.2175,0.2125,0.2125,568
DAYA,2007-02-06,0.2125,0.2150,0.2075,0.2100,612
DAYA,2007-02-07,0.2100,0.2100,0.2025,0.2025,784
DAYA,2007-02-08,0.2025,0.2225,0.2025,0.2200,760
DAYA,2007-02-09,0.2700,0.2700,0.2125,0.2125,656
DAYA,2007-02-12,0.2050,0.2075,0.2050,0.2075,72
DAYA,2007-02-13,0.2075,0.2150,0.2075,0.2100,140
DAYA,2007-02-14,0.2100,0.2200,0.2075,0.2200,588
DAYA,2007-02-15,0.2175,0.2200,0.2150,0.2175,702
DAYA,2007-02-16,0.2150,0.2300,0.2125,0.2300,720
DAYA,2007-02-21,0.2325,0.2450,0.2325,0.2325,2412
DAYA,2007-02-22,0.2400,0.2725,0.2375,0.2600,3924
DAYA,2007-02-23,0.2600,0.2650,0.2450,0.2650,2562
DAYA,2007-02-26,0.2650,0.2725,0.2600,0.2700,2050
DAYA,2007-02-27,0.2750,0.2875,0.2475,0.2475,5340
DAYA,2007-02-28,0.2450,0.2500,0.1950,0.2400,4034
DAYA,2007-03-01,0.2550,0.2700,0.2450,0.2600,3604
DAYA,2007-03-02,0.2600,0.2600,0.2525,0.2550,1126
DAYA,2007-03-05,0.2500,0.2500,0.2150,0.2200,1858
DAYA,2007-03-06,0.2200,0.2400,0.2200,0.2350,1188
DAYA,2007-03-07,0.2400,0.2550,0.2375,0.2400,2024
DAYA,2007-03-08,0.2450,0.2525,0.2450,0.2500,654
DAYA,2007-03-09,0.2500,0.2950,0.2475,0.2900,7776
DAYA,2007-03-12,0.3000,0.3175,0.2850,0.2875,10550
DAYA,2007-03-13,0.2875,0.2975,0.2650,0.2675,4572
DAYA,2007-03-14,0.2550,0.2575,0.2350,0.2575,2190
DAYA,2007-03-15,0.2575,0.2725,0.2550,0.2650,1950
DAYA,2007-03-16,0.2575,0.2600,0.2500,0.2575,1894
DAYA,2007-03-19,0.2575,0.2600,0.2550,0.2550,494
DAYA,2007-03-20,0.2600,0.2650,0.2600,0.2650,844
DAYA,2007-03-21,0.2675,0.2725,0.2650,0.2675,1040
DAYA,2007-03-22,0.2725,0.2725,0.2675,0.2725,594
DAYA,2007-03-23,0.2725,0.2725,0.2600,0.2700,628
DAYA,2007-03-26,0.2700,0.2700,0.2650,0.2650,466
DAYA,2007-03-27,0.2650,0.2650,0.2600,0.2625,606
DAYA,2007-03-28,0.2600,0.2600,0.2500,0.2525,1252
DAYA,2007-03-29,0.2550,0.2650,0.2525,0.2650,268
DAYA,2007-03-30,0.2650,0.2650,0.2575,0.2625,498
DAYA,2007-04-02,0.2600,0.2600,0.2550,0.2575,312
DAYA,2007-04-03,0.2600,0.2600,0.2575,0.2575,238
DAYA,2007-04-04,0.2575,0.2825,0.2575,0.2600,892
DAYA,2007-04-05,0.2600,0.2675,0.2550,0.2625,414
DAYA,2007-04-06,0.2625,0.2625,0.2550,0.2600,464
DAYA,2007-04-09,0.2600,0.2675,0.2575,0.2625,502
DAYA,2007-04-10,0.2600,0.2625,0.2550,0.2575,518
DAYA,2007-04-11,0.2575,0.2575,0.2500,0.2500,704
DAYA,2007-04-12,0.2500,0.2600,0.2500,0.2600,280
DAYA,2007-04-13,0.2650,0.2700,0.2550,0.2575,728
DAYA,2007-04-16,0.2650,0.2700,0.2600,0.2700,700
DAYA,2007-04-17,0.2700,0.2700,0.2575,0.2600,360
DAYA,2007-04-18,0.2600,0.2600,0.2550,0.2575,180
DAYA,2007-04-19,0.2550,0.2550,0.2450,0.2475,770
DAYA,2007-04-20,0.2575,0.2575,0.2525,0.2550,172
DAYA,2007-04-23,0.2575,0.2575,0.2450,0.2450,736
DAYA,2007-04-24,0.2475,0.2525,0.2475,0.2500,286
DAYA,2007-04-25,0.2500,0.2525,0.2475,0.2525,450
DAYA,2007-04-27,0.2500,0.2500,0.2450,0.2450,668
DAYA,2007-04-30,0.2450,0.2450,0.2400,0.2400,470
DAYA,2007-05-03,0.2450,0.2450,0.2400,0.2400,350
DAYA,2007-05-04,0.2425,0.2425,0.2350,0.2350,390
DAYA,2007-05-07,0.2350,0.2400,0.2350,0.2350,622
DAYA,2007-05-08,0.2350,0.2350,0.2300,0.2300,342
DAYA,2007-05-09,0.2250,0.2300,0.2250,0.2300,362
DAYA,2007-05-10,0.2250,0.2650,0.2250,0.2500,2814
DAYA,2007-05-11,0.2450,0.2600,0.2400,0.2550,1668
DAYA,2007-05-14,0.2600,0.2650,0.2550,0.2550,1326
DAYA,2007-05-15,0.2500,0.2500,0.2300,0.2375,436
DAYA,2007-05-16,0.2375,0.2450,0.2375,0.2425,330
DAYA,2007-05-17,0.2500,0.2500,0.2375,0.2400,458
DAYA,2007-05-18,0.2450,0.2500,0.2300,0.2500,486
DAYA,2007-05-21,0.2400,0.2400,0.2350,0.2400,164
DAYA,2007-05-22,0.2400,0.2450,0.2400,0.2425,200
DAYA,2007-05-23,0.2450,0.2825,0.2450,0.2650,6192
DAYA,2007-05-24,0.2650,0.2750,0.2575,0.2625,1914
DAYA,2007-05-25,0.2550,0.2800,0.2525,0.2725,8754
DAYA,2007-05-28,0.2800,0.2900,0.2575,0.2600,15418
DAYA,2007-05-29,0.2575,0.2600,0.2350,0.2400,3914
DAYA,2007-05-30,0.2400,0.2400,0.2250,0.2325,2814
DAYA,2007-05-31,0.2325,0.2350,0.2275,0.2325,1944
DAYA,2007-06-01,0.2325,0.2425,0.2275,0.2300,3800
DAYA,2007-06-04,0.2350,0.2375,0.2300,0.2325,882
DAYA,2007-06-05,0.2325,0.2450,0.2300,0.2450,1170
DAYA,2007-06-06,0.2425,0.2425,0.2375,0.2375,454
DAYA,2007-06-07,0.2375,0.2600,0.2375,0.2550,2214
DAYA,2007-06-08,0.2550,0.2675,0.2500,0.2625,2674
DAYA,2007-06-11,0.2625,0.2725,0.2600,0.2675,2110
DAYA,2007-06-12,0.2700,0.2700,0.2600,0.2600,814
DAYA,2007-06-13,0.2600,0.2600,0.2575,0.2600,476
DAYA,2007-06-14,0.2625,0.2625,0.2550,0.2575,720
DAYA,2007-06-15,0.2550,0.2550,0.2500,0.2525,524
DAYA,2007-06-18,0.2550,0.2550,0.2500,0.2525,524
DAYA,2007-06-19,0.2550,0.2575,0.2550,0.2550,234
DAYA,2007-06-20,0.2575,0.2650,0.2550,0.2625,866
DAYA,2007-06-21,0.2600,0.2625,0.2575,0.2575,608
DAYA,2007-06-22,0.2575,0.2575,0.2500,0.2525,972
DAYA,2007-06-25,0.2500,0.2725,0.2500,0.2675,1406
DAYA,2007-06-26,0.2700,0.2850,0.2675,0.2850,3646
DAYA,2007-06-27,0.2875,0.2950,0.2775,0.2900,3386
DAYA,2007-06-28,0.2900,0.2975,0.2875,0.2875,2168
DAYA,2007-06-29,0.2875,0.2925,0.2825,0.2900,1378
DAYA,2007-07-02,0.2925,0.2925,0.2875,0.2900,1086
DAYA,2007-07-03,0.2900,0.2900,0.2825,0.2875,1508
DAYA,2007-07-04,0.2875,0.2900,0.2850,0.2900,1688
DAYA,2007-07-05,0.2900,0.3100,0.2900,0.3075,4730
DAYA,2007-07-06,0.3075,0.3250,0.3050,0.3100,9640
DAYA,2007-07-09,0.3100,0.3100,0.2950,0.2975,2196
DAYA,2007-07-10,0.2975,0.3050,0.2950,0.2950,854
DAYA,2007-07-11,0.2925,0.2975,0.2925,0.2950,2110
DAYA,2007-07-12,0.2975,0.3100,0.2975,0.3025,4612
DAYA,2007-07-13,0.3100,0.3300,0.3050,0.3225,5766
DAYA,2007-07-16,0.3225,0.3250,0.3125,0.3125,1898
DAYA,2007-07-17,0.3150,0.3325,0.3125,0.3225,3520
DAYA,2007-07-18,0.3325,0.3450,0.3250,0.3375,6454
DAYA,2007-07-19,0.3375,0.3725,0.3375,0.3500,10388
DAYA,2007-07-20,0.3550,0.3575,0.3375,0.3400,4090
DAYA,2007-07-24,0.3400,0.3400,0.3325,0.3400,2254
DAYA,2007-07-25,0.3400,0.3575,0.3325,0.3500,6028
DAYA,2007-07-26,0.3525,0.3550,0.3325,0.3400,2978
DAYA,2007-07-27,0.3250,0.3375,0.3100,0.3250,3084
DAYA,2007-07-30,0.3100,0.3300,0.3100,0.3200,1706
DAYA,2007-07-31,0.3275,0.3300,0.3200,0.3250,2084
DAYA,2007-08-01,0.3200,0.3250,0.2800,0.3000,2576
DAYA,2007-08-03,0.2900,0.3000,0.2775,0.2775,2010
DAYA,2007-08-06,0.2750,0.2750,0.2600,0.2625,1220
DAYA,2007-08-07,0.2700,0.2900,0.2625,0.2650,2318
DAYA,2007-08-08,0.2650,0.2850,0.2650,0.2825,926
DAYA,2007-08-09,0.2900,0.2900,0.2725,0.2750,990
DAYA,2007-08-10,0.2650,0.2950,0.2600,0.2950,1286
DAYA,2007-08-13,0.2950,0.2950,0.2725,0.2775,712
DAYA,2007-08-14,0.2750,0.2775,0.2725,0.2725,260
DAYA,2007-08-15,0.2675,0.2675,0.2575,0.2650,872
DAYA,2007-08-16,0.2575,0.2600,0.2450,0.2450,1920
DAYA,2007-08-20,0.2600,0.2625,0.2525,0.2550,994
DAYA,2007-08-21,0.2500,0.2600,0.2500,0.2500,304
DAYA,2007-08-23,0.2650,0.2675,0.2600,0.2675,402
DAYA,2007-08-24,0.2650,0.2675,0.2575,0.2650,290
DAYA,2007-08-27,0.2700,0.2750,0.2650,0.2650,150
DAYA,2007-08-28,0.2650,0.2650,0.2625,0.2625,166
DAYA,2007-08-29,0.2625,0.2625,0.2525,0.2600,108
DAYA,2007-08-30,0.2650,0.2650,0.2500,0.2500,104
DAYA,2007-09-03,0.2600,0.2600,0.2525,0.2525,750
DAYA,2007-09-04,0.2550,0.2575,0.2550,0.2575,116
DAYA,2007-09-06,0.2550,0.2725,0.2550,0.2725,256
DAYA,2007-09-07,0.2775,0.2775,0.2650,0.2650,308
DAYA,2007-09-11,0.2600,0.2675,0.2600,0.2675,98
DAYA,2007-09-12,0.2675,0.2675,0.2550,0.2600,352
DAYA,2007-09-13,0.2575,0.2625,0.2525,0.2525,440
DAYA,2007-09-14,0.2550,0.2575,0.2525,0.2550,176
DAYA,2007-09-17,0.2550,0.2575,0.2500,0.2575,300
DAYA,2007-09-18,0.2575,0.2575,0.2500,0.2525,66
DAYA,2007-09-19,0.2600,0.2600,0.2550,0.2575,104
DAYA,2007-09-20,0.2150,0.2600,0.2150,0.2600,268
DAYA,2007-09-21,0.2550,0.2625,0.2500,0.2625,772
DAYA,2007-09-24,0.2650,0.2700,0.2625,0.2625,642
DAYA,2007-09-25,0.2600,0.2600,0.2525,0.2525,462
DAYA,2007-09-27,0.2550,0.2600,0.2550,0.2600,116
DAYA,2007-09-28,0.2550,0.2700,0.2550,0.2700,528
DAYA,2007-10-01,0.2600,0.2600,0.2575,0.2600,400
DAYA,2007-10-03,0.2600,0.2625,0.2575,0.2575,222
DAYA,2007-10-04,0.2625,0.2650,0.2575,0.2650,290
DAYA,2007-10-05,0.2650,0.2650,0.2625,0.2650,284
DAYA,2007-10-09,0.2600,0.2650,0.2600,0.2625,218
DAYA,2007-10-10,0.2650,0.2675,0.2650,0.2650,208
DAYA,2007-10-11,0.2675,0.2875,0.2675,0.2750,690
DAYA,2007-10-12,0.2725,0.2725,0.2675,0.2700,280
DAYA,2007-10-18,0.2600,0.2700,0.2600,0.2600,156
DAYA,2007-10-19,0.2600,0.2625,0.2600,0.2600,276
DAYA,2007-10-23,0.2625,0.2650,0.2625,0.2625,80
DAYA,2007-10-24,0.2650,0.2650,0.2625,0.2625,350
DAYA,2007-10-25,0.2650,0.2650,0.2625,0.2625,140
DAYA,2007-10-26,0.2625,0.2650,0.2575,0.2575,724
DAYA,2007-10-29,0.2600,0.2725,0.2600,0.2650,326
DAYA,2007-10-30,0.2700,0.2700,0.2650,0.2675,402
DAYA,2007-10-31,0.2675,0.2675,0.2625,0.2650,246
DAYA,2007-11-01,0.2700,0.2700,0.2650,0.2650,208
DAYA,2007-11-02,0.2650,0.2650,0.2600,0.2625,288
DAYA,2007-11-05,0.2700,0.2750,0.2650,0.2650,194
DAYA,2007-11-06,0.2700,0.2700,0.2625,0.2650,390
DAYA,2007-11-12,0.2600,0.2600,0.2550,0.2575,1004
DAYA,2007-11-13,0.2575,0.2650,0.2575,0.2650,276
DAYA,2007-11-14,0.2650,0.2650,0.2650,0.2650,56
DAYA,2007-11-15,0.2650,0.2750,0.2650,0.2650,822
DAYA,2007-11-19,0.2675,0.2675,0.2600,0.2600,352
DAYA,2007-11-20,0.2650,0.2650,0.2500,0.2600,340
DAYA,2007-11-21,0.2575,0.2600,0.2550,0.2550,262
DAYA,2007-11-22,0.2550,0.2550,0.2525,0.2550,568
DAYA,2007-11-27,0.2525,0.2550,0.2525,0.2525,138
DAYA,2007-11-28,0.2600,0.2600,0.2525,0.2550,190
DAYA,2007-11-29,0.2700,0.2700,0.2550,0.2575,108
DAYA,2007-11-30,0.2525,0.2550,0.2525,0.2525,60
DAYA,2007-12-03,0.2575,0.2600,0.2550,0.2575,144
DAYA,2007-12-04,0.2575,0.2575,0.2550,0.2550,168
DAYA,2007-12-06,0.2550,0.2550,0.2525,0.2550,84
DAYA,2007-12-07,0.2550,0.2550,0.2525,0.2525,422
DAYA,2007-12-11,0.2550,0.2550,0.2525,0.2550,286
DAYA,2007-12-12,0.2525,0.2525,0.2500,0.2525,72
DAYA,2007-12-13,0.2525,0.2550,0.2500,0.2500,228
DAYA,2007-12-14,0.2550,0.2550,0.2475,0.2475,272
DAYA,2007-12-19,0.2475,0.2475,0.2475,0.2475,142
DAYA,2007-12-21,0.2500,0.2500,0.2500,0.2500,2
DAYA,2007-12-24,0.2500,0.2550,0.2475,0.2550,84
DAYA,2007-12-27,0.2550,0.2550,0.2550,0.2550,6
DAYA,2007-12-28,0.2550,0.2550,0.2500,0.2500,54
DAYA,2007-12-31,0.2575,0.2600,0.2550,0.2600,362000
DAYA,2008-01-02,0.2550,0.2650,0.2550,0.2575,141200
DAYA,2008-01-03,0.2550,0.2550,0.2550,0.2550,20000
DAYA,2008-01-04,0.2550,0.2550,0.2500,0.2550,490000
DAYA,2008-01-07,0.2550,0.2550,0.2525,0.2550,140000
DAYA,2008-01-08,0.2525,0.2575,0.2525,0.2575,52000
DAYA,2008-01-09,0.2525,0.2575,0.2525,0.2550,152000
DAYA,2008-01-11,0.2625,0.2625,0.2525,0.2550,258000
DAYA,2008-01-14,0.2550,0.2550,0.2550,0.2550,46000
DAYA,2008-01-15,0.2550,0.2550,0.2550,0.2550,104000
DAYA,2008-01-16,0.2550,0.2550,0.2525,0.2525,415800
DAYA,2008-01-17,0.2550,0.2550,0.2550,0.2550,150000
DAYA,2008-01-18,0.2525,0.2575,0.2525,0.2575,320000
DAYA,2008-01-21,0.2550,0.2575,0.2525,0.2550,372000
DAYA,2008-01-22,0.2525,0.2525,0.2400,0.2475,1746000
DAYA,2008-01-24,0.2500,0.2550,0.2450,0.2475,290000
DAYA,2008-01-25,0.2500,0.2500,0.2425,0.2425,444000
DAYA,2008-01-28,0.2425,0.2425,0.2400,0.2400,32000
DAYA,2008-01-29,0.2500,0.2500,0.2475,0.2500,366000
DAYA,2008-01-30,0.2500,0.2500,0.2500,0.2500,18000
DAYA,2008-01-31,0.2500,0.2500,0.2500,0.2500,20000
DAYA,2008-02-04,0.2500,0.2500,0.2500,0.2500,186000
DAYA,2008-02-05,0.2500,0.2625,0.2500,0.2575,348000
DAYA,2008-02-06,0.2575,0.2625,0.2575,0.2575,209000
DAYA,2008-02-11,0.2625,0.2725,0.2625,0.2700,589200
DAYA,2008-02-12,0.2700,0.3075,0.2700,0.2975,5630400
DAYA,2008-02-13,0.3000,0.3000,0.2850,0.2875,2260600
DAYA,2008-02-14,0.2850,0.2900,0.2850,0.2875,548000
DAYA,2008-02-15,0.2875,0.2925,0.2850,0.2925,617000
DAYA,2008-02-18,0.2925,0.2925,0.2850,0.2875,978400
DAYA,2008-02-19,0.2900,0.2900,0.2875,0.2900,539000
DAYA,2008-02-20,0.2900,0.2900,0.2800,0.2875,681000
DAYA,2008-02-21,0.2850,0.2850,0.2800,0.2800,408400
DAYA,2008-02-22,0.2750,0.2800,0.2700,0.2800,526800
DAYA,2008-02-25,0.2850,0.2850,0.2750,0.2800,410000
DAYA,2008-02-26,0.2850,0.2850,0.2725,0.2725,226000
DAYA,2008-02-27,0.2750,0.2850,0.2750,0.2800,442000
DAYA,2008-02-28,0.2825,0.3050,0.2825,0.2925,1963000
DAYA,2008-02-29,0.2925,0.2925,0.2875,0.2925,497000
DAYA,2008-03-03,0.2950,0.2950,0.2875,0.2925,5234
DAYA,2008-03-04,0.2900,0.2925,0.2875,0.2925,238000
DAYA,2008-03-05,0.2875,0.2900,0.2800,0.2900,884600
DAYA,2008-03-06,0.2900,0.2950,0.2900,0.2925,326400
DAYA,2008-03-07,0.2925,0.2925,0.2875,0.2900,101000
DAYA,2008-03-10,0.2850,0.2850,0.2575,0.2650,502000
DAYA,2008-03-11,0.2675,0.2750,0.2675,0.2750,47000
DAYA,2008-03-12,0.2800,0.2800,0.2775,0.2800,238200
DAYA,2008-03-13,0.2900,0.2900,0.2825,0.2875,44000
DAYA,2008-03-14,0.2850,0.2875,0.2750,0.2850,253000
DAYA,2008-03-17,0.2800,0.2825,0.2700,0.2700,48400
DAYA,2008-03-18,0.2700,0.2700,0.2650,0.2700,194400
DAYA,2008-03-19,0.2750,0.2750,0.2700,0.2700,112000
DAYA,2008-03-21,0.2600,0.2700,0.2600,0.2700,132000
DAYA,2008-03-24,0.2600,0.2675,0.2600,0.2675,164000
DAYA,2008-03-25,0.2650,0.2775,0.2650,0.2775,36800
DAYA,2008-03-26,0.2700,0.2700,0.2650,0.2700,52400
DAYA,2008-03-27,0.2700,0.2750,0.2600,0.2750,8600
DAYA,2008-03-28,0.2750,0.2750,0.2750,0.2750,2000
DAYA,2008-03-31,0.2800,0.2800,0.2700,0.2800,11400
DAYA,2008-04-01,0.2775,0.2775,0.2600,0.2700,376000
DAYA,2008-04-02,0.2750,0.2750,0.2625,0.2725,217000
DAYA,2008-04-03,0.2650,0.2650,0.2600,0.2600,292600
DAYA,2008-04-04,0.2650,0.2650,0.2600,0.2650,63000
DAYA,2008-04-07,0.2650,0.2675,0.2650,0.2675,23000
DAYA,2008-04-08,0.2650,0.2650,0.2650,0.2650,20000
DAYA,2008-04-09,0.2650,0.2650,0.2575,0.2600,308400
DAYA,2008-04-10,0.2550,0.2650,0.2550,0.2650,152400
DAYA,2008-04-11,0.2575,0.2675,0.2550,0.2675,436200
DAYA,2008-04-14,0.2600,0.2600,0.2600,0.2600,50400
DAYA,2008-04-15,0.2600,0.2600,0.2575,0.2575,67600
DAYA,2008-04-18,0.2625,0.2700,0.2625,0.2700,147800
DAYA,2008-04-21,0.2700,0.2700,0.2625,0.2700,33400
DAYA,2008-04-22,0.2700,0.2800,0.2700,0.2775,109600
DAYA,2008-04-23,0.2850,0.2850,0.2700,0.2700,26000
DAYA,2008-04-24,0.2750,0.2900,0.2700,0.2850,60400
DAYA,2008-04-25,0.2875,0.2900,0.2875,0.2900,20200
DAYA,2008-04-28,0.2875,0.2925,0.2800,0.2925,266600
DAYA,2008-04-29,0.2925,0.3100,0.2850,0.3050,508800
DAYA,2008-04-30,0.3050,0.3050,0.2900,0.3000,131400
DAYA,2008-05-02,0.3050,0.3050,0.2850,0.3000,107600
DAYA,2008-05-05,0.3000,0.3000,0.2900,0.3000,93600
DAYA,2008-05-06,0.3000,0.3000,0.2900,0.3000,127400
DAYA,2008-05-07,0.3000,0.3000,0.2900,0.2975,54800
DAYA,2008-05-08,0.2950,0.2950,0.2925,0.2950,133200
DAYA,2008-05-09,0.2950,0.3000,0.2950,0.2950,135400
DAYA,2008-05-12,0.2925,0.2950,0.2900,0.2950,82600
DAYA,2008-05-13,0.2900,0.2950,0.2900,0.2950,83600
DAYA,2008-05-14,0.2900,0.3000,0.2900,0.3000,64600
DAYA,2008-05-15,0.3000,0.3000,0.2975,0.2975,107000
DAYA,2008-05-16,0.3000,0.3000,0.2925,0.2950,158000
DAYA,2008-05-20,0.2900,0.2925,0.2875,0.2925,305000
DAYA,2008-05-22,0.2950,0.2950,0.2900,0.2925,177200
DAYA,2008-05-23,0.2975,0.3025,0.2975,0.3000,2336800
DAYA,2008-05-26,0.2950,0.3000,0.2950,0.2975,529400
DAYA,2008-05-27,0.3000,0.3000,0.2950,0.3000,234000
DAYA,2008-05-28,0.3000,0.3000,0.2950,0.2975,245200
DAYA,2008-05-29,0.3000,0.3000,0.2925,0.2925,79600
DAYA,2008-05-30,0.3000,0.3025,0.2950,0.3025,645600
DAYA,2008-06-02,0.3050,0.3200,0.3050,0.3125,1010000
DAYA,2008-06-03,0.3100,0.3125,0.3050,0.3075,567000
DAYA,2008-06-04,0.3125,0.3125,0.3050,0.3050,266600
DAYA,2008-06-05,0.3100,0.3100,0.3025,0.3075,301000
DAYA,2008-06-06,0.3150,0.3150,0.3050,0.3100,317800
DAYA,2008-06-09,0.3150,0.3150,0.3100,0.3125,467400
DAYA,2008-06-10,0.3100,0.3100,0.3050,0.3100,151600
DAYA,2008-06-11,0.3100,0.3100,0.3025,0.3050,120600
DAYA,2008-06-12,0.3050,0.3050,0.3000,0.3025,248000
DAYA,2008-06-13,0.3025,0.3075,0.3000,0.3075,31000
DAYA,2008-06-16,0.3050,0.3050,0.3000,0.3050,339200
DAYA,2008-06-17,0.3025,0.3075,0.3000,0.3075,192600
DAYA,2008-06-18,0.3025,0.3050,0.3000,0.3050,332200
DAYA,2008-06-19,0.3000,0.3000,0.2900,0.2950,375800
DAYA,2008-06-20,0.2950,0.3000,0.2875,0.3000,102800
DAYA,2008-06-23,0.3000,0.3000,0.2950,0.2975,63600
DAYA,2008-06-24,0.2975,0.2975,0.2950,0.2975,72600
DAYA,2008-06-25,0.3000,0.3050,0.2975,0.3050,243000
DAYA,2008-06-26,0.3050,0.3075,0.3000,0.3050,618800
DAYA,2008-06-27,0.3050,0.3050,0.3000,0.3025,964000
DAYA,2008-06-30,0.3025,0.3025,0.3000,0.3025,232000
DAYA,2008-07-01,0.3050,0.3050,0.3000,0.3000,191200
DAYA,2008-07-02,0.3000,0.3000,0.2950,0.2950,781000
DAYA,2008-07-04,0.4400,0.4400,0.3150,0.3150,160800
DAYA,2008-07-07,0.3500,0.3650,0.3500,0.3600,502400
DAYA,2008-07-08,0.3600,0.3600,0.3550,0.3550,209300
DAYA,2008-07-09,0.3600,0.3600,0.3450,0.3600,81900
DAYA,2008-07-10,0.3600,0.3600,0.3550,0.3600,45500
DAYA,2008-07-11,0.3600,0.3700,0.3600,0.3700,464200
DAYA,2008-07-14,0.3700,0.3700,0.3600,0.3700,181700
DAYA,2008-07-15,0.3700,0.3700,0.3650,0.3700,289200
DAYA,2008-07-16,0.3700,0.3700,0.3600,0.3650,138400
DAYA,2008-07-17,0.3700,0.3700,0.3650,0.3650,113300
DAYA,2008-07-18,0.3650,0.3700,0.3650,0.3700,36200
DAYA,2008-07-21,0.3700,0.3700,0.3500,0.3650,19300
DAYA,2008-07-22,0.3800,0.3800,0.3550,0.3700,31400
DAYA,2008-07-23,0.3700,0.3700,0.3700,0.3700,3500
DAYA,2008-07-24,0.3650,0.3650,0.3650,0.3650,30000
DAYA,2008-07-25,0.3650,0.3650,0.3600,0.3650,27300
DAYA,2008-07-28,0.3700,0.3700,0.3600,0.3600,193500
DAYA,2008-07-29,0.3600,0.3650,0.3600,0.3650,27300
DAYA,2008-07-30,0.3600,0.3700,0.3600,0.3700,44500
DAYA,2008-07-31,0.3600,0.3650,0.3550,0.3650,67800
DAYA,2008-08-01,0.3600,0.3700,0.3550,0.3700,68000
DAYA,2008-08-04,0.3600,0.3650,0.3550,0.3650,85300
DAYA,2008-08-05,0.3700,0.3700,0.3550,0.3700,99200
DAYA,2008-08-06,0.3700,0.3700,0.3600,0.3650,57700
DAYA,2008-08-07,0.3600,0.3650,0.3550,0.3650,68600
DAYA,2008-08-08,0.3650,0.3700,0.3650,0.3700,269500
DAYA,2008-08-11,0.3700,0.3700,0.3700,0.3700,56
DAYA,2008-08-12,0.3800,0.3800,0.3650,0.3700,176300
DAYA,2008-08-13,0.3650,0.3800,0.3650,0.3800,157100
DAYA,2008-08-14,0.3800,0.3800,0.3600,0.3700,231600
DAYA,2008-08-15,0.3700,0.3700,0.3700,0.3700,18
DAYA,2008-08-18,0.3700,0.3700,0.3600,0.3700,91000
DAYA,2008-08-19,0.3650,0.3650,0.3600,0.3650,56800
DAYA,2008-08-20,0.3650,0.3700,0.3650,0.3700,121600
DAYA,2008-08-21,0.3700,0.3700,0.3600,0.3700,43500
DAYA,2008-08-22,0.3700,0.3750,0.3700,0.3750,7300
DAYA,2008-08-25,0.3700,0.3700,0.3650,0.3700,159300
DAYA,2008-08-26,0.3750,0.3750,0.3750,0.3750,7300
DAYA,2008-08-27,0.3700,0.3750,0.3600,0.3750,70200
DAYA,2008-08-28,0.3700,0.3700,0.3700,0.3700,20000
DAYA,2008-08-29,0.3700,0.3700,0.3700,0.3700,30000
DAYA,2008-09-02,0.3650,0.3700,0.3650,0.3650,60900
DAYA,2008-09-03,0.3650,0.3700,0.3600,0.3600,54500
DAYA,2008-09-04,0.3700,0.3700,0.3700,0.3700,60400
DAYA,2008-09-05,0.3550,0.3700,0.3500,0.3700,3
DAYA,2008-09-08,0.3500,0.3500,0.3500,0.3500,6600
DAYA,2008-09-09,0.3500,0.3500,0.3500,0.3500,70000
DAYA,2008-09-10,0.3450,0.3500,0.3450,0.3500,6000
DAYA,2008-09-11,0.3450,0.3450,0.3400,0.3400,22900
DAYA,2008-09-12,0.3450,0.3700,0.3450,0.3700,41000
DAYA,2008-09-15,0.3500,0.3500,0.3450,0.3500,236400
DAYA,2008-09-16,0.3450,0.3450,0.3350,0.3350,375100
DAYA,2008-09-17,0.3350,0.3450,0.3350,0.3450,151000
DAYA,2008-09-18,0.3300,0.3450,0.3300,0.3450,158400
DAYA,2008-09-19,0.3450,0.3600,0.3450,0.3600,75000
DAYA,2008-09-22,0.3450,0.3450,0.3400,0.3450,33800
DAYA,2008-09-23,0.3450,0.3500,0.3350,0.3500,463500
DAYA,2008-09-24,0.3400,0.3400,0.3300,0.3400,335300
DAYA,2008-09-29,0.3300,0.3300,0.3300,0.3300,25000
DAYA,2008-09-30,0.3400,0.3400,0.3250,0.3350,114900
DAYA,2008-10-06,0.3450,0.3450,0.3200,0.3200,18000
DAYA,2008-10-07,0.3350,0.3350,0.3350,0.3350,1000
DAYA,2008-10-08,0.3200,0.3350,0.3000,0.3350,400000
DAYA,2008-10-09,0.3000,0.3300,0.3000,0.3300,21600
DAYA,2008-10-10,0.3050,0.3050,0.2800,0.2850,447800
DAYA,2008-10-13,0.2800,0.3000,0.2800,0.3000,136500
DAYA,2008-10-15,0.2850,0.2950,0.2850,0.2950,70600
DAYA,2008-10-16,0.2850,0.2850,0.2800,0.2800,122000
DAYA,2008-10-17,0.2800,0.2900,0.2800,0.2900,47600
DAYA,2008-10-21,0.3300,0.3300,0.3300,0.3300,5000
DAYA,2008-10-22,0.2750,0.2800,0.2750,0.2800,170000
DAYA,2008-10-23,0.2800,0.2800,0.2800,0.2800,177000
DAYA,2008-10-24,0.2750,0.2750,0.2700,0.2750,13300
DAYA,2008-10-28,0.2700,0.3200,0.2500,0.3200,119400
DAYA,2008-10-29,0.2600,0.3100,0.2600,0.3100,25100
DAYA,2008-11-03,0.3500,0.3500,0.3000,0.3000,45000
DAYA,2008-11-04,0.2900,0.2900,0.2900,0.2900,200
DAYA,2008-11-05,0.3000,0.3200,0.2900,0.2950,140000
DAYA,2008-11-07,0.2950,0.2950,0.2950,0.2950,3000
DAYA,2008-11-10,0.2550,0.3000,0.2550,0.3000,3900
DAYA,2008-11-11,0.3150,0.3150,0.3150,0.3150,25400
DAYA,2008-11-12,0.3000,0.3000,0.2800,0.2800,40000
DAYA,2008-11-19,0.2550,0.3000,0.2550,0.3000,5400
DAYA,2008-11-20,0.2800,0.2800,0.2800,0.2800,20000
DAYA,2008-11-21,0.2600,0.2600,0.2600,0.2600,16600
DAYA,2008-11-24,0.2600,0.2800,0.2350,0.2800,208200
DAYA,2008-11-25,0.2650,0.3100,0.2650,0.3100,60100
DAYA,2008-11-26,0.2600,0.2900,0.2550,0.2900,42200
DAYA,2008-11-28,0.2500,0.2800,0.2500,0.2800,10000
DAYA,2008-12-01,0.2350,0.2350,0.2350,0.2350,100
DAYA,2008-12-02,0.3150,0.3150,0.3150,0.3150,1000
DAYA,2008-12-03,0.2350,0.3050,0.2350,0.3050,51200
DAYA,2008-12-04,0.2850,0.2850,0.2550,0.2800,58100
DAYA,2008-12-05,0.2500,0.2750,0.2500,0.2750,14100
DAYA,2008-12-10,0.2400,0.2600,0.2400,0.2450,23000
DAYA,2008-12-11,0.2500,0.2800,0.2500,0.2800,6000
DAYA,2008-12-15,0.2450,0.2800,0.2450,0.2800,16700
DAYA,2008-12-22,0.2300,0.2750,0.2300,0.2750,21000
DAYA,2008-12-26,0.2300,0.2800,0.2300,0.2800,20000
DAYA,2008-12-31,0.2500,0.2800,0.2300,0.2800,11000
DAYA,2009-01-02,0.2350,0.2600,0.2350,0.2600,15000
DAYA,2009-01-05,0.2300,0.2600,0.2300,0.2600,1600
DAYA,2009-01-07,0.2350,0.2700,0.2300,0.2700,69000
DAYA,2009-01-09,0.2350,0.2600,0.2350,0.2600,3500
DAYA,2009-01-12,0.2300,0.2700,0.2300,0.2700,1500
DAYA,2009-01-13,0.2400,0.2400,0.2300,0.2300,30400
DAYA,2009-01-14,0.2350,0.2650,0.2250,0.2650,74900
DAYA,2009-01-15,0.2650,0.2650,0.2650,0.2650,400
DAYA,2009-01-16,0.2250,0.2700,0.2250,0.2700,1300
DAYA,2009-01-19,0.2400,0.2800,0.2400,0.2800,37300
DAYA,2009-01-20,0.2450,0.3000,0.2450,0.2800,13400
DAYA,2009-01-21,0.2800,0.2800,0.2800,0.2800,2000
DAYA,2009-01-22,0.2400,0.2750,0.2400,0.2750,4100
DAYA,2009-01-23,0.2800,0.2800,0.2800,0.2800,2000
DAYA,2009-01-29,0.2500,0.2700,0.2500,0.2700,26000
DAYA,2009-02-03,0.2350,0.2700,0.2350,0.2700,106600
DAYA,2009-02-04,0.2350,0.2700,0.2350,0.2700,388200
DAYA,2009-02-05,0.3200,0.3200,0.3200,0.3200,10000
DAYA,2009-02-11,0.2650,0.2650,0.2650,0.2650,19000
DAYA,2009-02-12,0.2450,0.2600,0.2400,0.2400,304700
DAYA,2009-02-13,0.2800,0.2800,0.2400,0.2800,4100
DAYA,2009-02-16,0.2450,0.2700,0.2450,0.2500,67800
DAYA,2009-02-17,0.2450,0.2700,0.2450,0.2700,90800
DAYA,2009-02-18,0.2700,0.2750,0.2700,0.2750,420000
DAYA,2009-02-19,0.2450,0.2700,0.2450,0.2700,10000
DAYA,2009-02-20,0.2500,0.2500,0.2450,0.2450,75000
DAYA,2009-02-25,0.2350,0.2400,0.2350,0.2400,5100
DAYA,2009-02-26,0.2350,0.2600,0.2350,0.2400,16000
DAYA,2009-02-27,0.2350,0.2600,0.2350,0.2600,16000
DAYA,2009-03-02,0.2600,0.2600,0.2300,0.2600,5800
DAYA,2009-03-05,0.2500,0.2500,0.2450,0.2450,3000
DAYA,2009-03-06,0.2450,0.2500,0.2300,0.2450,140000
DAYA,2009-03-10,0.2450,0.2600,0.2450,0.2600,168200
DAYA,2009-03-11,0.2400,0.2500,0.2400,0.2450,25000
DAYA,2009-03-12,0.2450,0.2600,0.2300,0.2300,64000
DAYA,2009-03-13,0.2600,0.2600,0.2350,0.2450,190000
DAYA,2009-03-16,0.2400,0.2400,0.2400,0.2400,10000
DAYA,2009-03-17,0.2400,0.2550,0.2350,0.2550,62500
DAYA,2009-03-19,0.2300,0.2500,0.2300,0.2500,31400
DAYA,2009-03-23,0.2500,0.2500,0.2500,0.2500,14300
DAYA,2009-03-24,0.2400,0.2400,0.2400,0.2400,54700
DAYA,2009-03-25,0.2450,0.2450,0.2450,0.2450,100000
DAYA,2009-03-26,0.2450,0.2700,0.2450,0.2700,15100
DAYA,2009-03-30,0.2500,0.2700,0.2500,0.2700,21000
DAYA,2009-03-31,0.2450,0.2750,0.2450,0.2750,96700
DAYA,2009-04-01,0.2500,0.2500,0.2500,0.2500,10000
DAYA,2009-04-02,0.2500,0.2600,0.2450,0.2600,18400
DAYA,2009-04-06,0.2500,0.2600,0.2500,0.2500,29900
DAYA,2009-04-07,0.2600,0.2600,0.2600,0.2600,100
DAYA,2009-04-08,0.2800,0.2900,0.2800,0.2900,100000
DAYA,2009-04-14,0.2500,0.2550,0.2500,0.2550,16000
DAYA,2009-04-15,0.2500,0.2500,0.2500,0.2500,19700
DAYA,2009-04-16,0.2500,0.2600,0.2500,0.2600,12000
DAYA,2009-04-20,0.2450,0.2450,0.2450,0.2450,50000
DAYA,2009-04-21,0.2450,0.2450,0.2450,0.2450,50000
DAYA,2009-04-22,0.2600,0.2850,0.2450,0.2850,19700
DAYA,2009-04-23,0.2800,0.2800,0.2450,0.2800,5500
DAYA,2009-04-24,0.2500,0.2600,0.2500,0.2600,82400
DAYA,2009-04-27,0.2700,0.3000,0.2550,0.2550,60200
DAYA,2009-04-28,0.2550,0.2700,0.2550,0.2700,50000
DAYA,2009-04-29,0.2500,0.2950,0.2450,0.2850,5397300
DAYA,2009-04-30,0.2700,0.2700,0.2650,0.2650,28300
DAYA,2009-05-04,0.2700,0.2800,0.2600,0.2800,126000
DAYA,2009-05-05,0.2600,0.2600,0.2600,0.2600,10000
DAYA,2009-05-06,0.2600,0.2700,0.2600,0.2700,214000
DAYA,2009-05-07,0.2700,0.2900,0.2700,0.2700,589400
DAYA,2009-05-08,0.3000,0.3100,0.2800,0.3000,654500
DAYA,2009-05-11,0.3000,0.3000,0.2850,0.2850,276100
DAYA,2009-05-12,0.2850,0.2900,0.2850,0.2900,65000
DAYA,2009-05-13,0.2900,0.2900,0.2850,0.2900,40500
DAYA,2009-05-14,0.2850,0.2850,0.2700,0.2800,90000
DAYA,2009-05-15,0.2900,0.2900,0.2850,0.2850,35600
DAYA,2009-05-18,0.2850,0.2900,0.2850,0.2900,46000
DAYA,2009-05-19,0.2900,0.3050,0.2900,0.3000,152000
DAYA,2009-05-20,0.2900,0.3050,0.2900,0.2950,124100
DAYA,2009-05-21,0.2950,0.2950,0.2900,0.2900,100000
DAYA,2009-05-22,0.2900,0.2950,0.2900,0.2900,55000
DAYA,2009-05-25,0.3000,0.3050,0.3000,0.3050,38000
DAYA,2009-05-26,0.3100,0.3200,0.3100,0.3200,570400
DAYA,2009-05-27,0.3150,0.3500,0.3150,0.3500,932500
DAYA,2009-05-28,0.3450,0.3500,0.3400,0.3500,113600
DAYA,2009-05-29,0.3450,0.3500,0.3450,0.3500,96000
DAYA,2009-06-01,0.3500,0.3600,0.3450,0.3450,302600
DAYA,2009-06-02,0.3450,0.3450,0.2950,0.3200,799600
DAYA,2009-06-03,0.3250,0.3250,0.3200,0.3200,85000
DAYA,2009-06-04,0.3200,0.3400,0.3200,0.3400,55000
DAYA,2009-06-05,0.3500,0.3700,0.3450,0.3550,415600
DAYA,2009-06-08,0.3550,0.3600,0.3450,0.3450,318000
DAYA,2009-06-09,0.3500,0.3550,0.3500,0.3550,75000
DAYA,2009-06-10,0.3500,0.3550,0.3450,0.3450,45300
DAYA,2009-06-11,0.3550,0.3900,0.3550,0.3900,1274900
DAYA,2009-06-12,0.4000,0.4250,0.3900,0.4200,4041300
DAYA,2009-06-15,0.4300,0.4500,0.4100,0.4200,1986400
DAYA,2009-06-16,0.4150,0.4200,0.4050,0.4200,877000
DAYA,2009-06-17,0.4150,0.4200,0.4150,0.4150,625200
DAYA,2009-06-18,0.4100,0.4250,0.3950,0.3950,1108200
DAYA,2009-06-19,0.4000,0.4050,0.3800,0.3850,1154000
DAYA,2009-06-22,0.3000,0.3000,0.2450,0.2500,705600
DAYA,2009-06-23,0.2500,0.2500,0.2400,0.2400,85300
DAYA,2009-06-24,0.2500,0.2600,0.2500,0.2600,197600
DAYA,2009-06-25,0.2600,0.2650,0.2550,0.2550,255400
DAYA,2009-06-26,0.2650,0.2650,0.2550,0.2550,135400
DAYA,2009-06-29,0.2500,0.2600,0.2500,0.2550,95000
DAYA,2009-06-30,0.2550,0.2550,0.2500,0.2500,204000
DAYA,2009-07-01,0.2550,0.2550,0.2400,0.2400,61700
DAYA,2009-07-02,0.2400,0.2600,0.2400,0.2450,148300
DAYA,2009-07-03,0.2400,0.2450,0.2400,0.2400,121500
DAYA,2009-07-06,0.2400,0.2400,0.2400,0.2400,321000
DAYA,2009-07-07,0.2400,0.2400,0.2350,0.2350,180000
DAYA,2009-07-08,0.2350,0.2350,0.2300,0.2300,187700
DAYA,2009-07-09,0.2300,0.2350,0.2300,0.2350,162100
DAYA,2009-07-10,0.2250,0.2400,0.2250,0.2250,112100
DAYA,2009-07-13,0.2300,0.2350,0.2250,0.2300,117900
DAYA,2009-07-14,0.2300,0.2350,0.2300,0.2300,451000
DAYA,2009-07-15,0.2300,0.2400,0.2300,0.2400,233600
DAYA,2009-07-16,0.2450,0.2500,0.2350,0.2350,230400
DAYA,2009-07-17,0.2350,0.2400,0.2300,0.2400,164300
DAYA,2009-07-20,0.2400,0.2400,0.2300,0.2400,147500
DAYA,2009-07-21,0.2300,0.2350,0.2300,0.2300,204900
DAYA,2009-07-22,0.2350,0.2350,0.2300,0.2350,77500
DAYA,2009-07-23,0.2350,0.2400,0.2300,0.2400,101100
DAYA,2009-07-24,0.2300,0.2300,0.2300,0.2300,50000
DAYA,2009-07-27,0.2300,0.2600,0.2300,0.2450,583300
DAYA,2009-07-28,0.2550,0.2600,0.2500,0.2550,783000
DAYA,2009-07-29,0.2500,0.2550,0.2450,0.2500,336000
DAYA,2009-07-30,0.2450,0.2500,0.2450,0.2450,267000
DAYA,2009-07-31,0.2550,0.2550,0.2450,0.2450,350000
DAYA,2009-08-03,0.2550,0.2550,0.2500,0.2500,354000
DAYA,2009-08-04,0.2550,0.2600,0.2500,0.2500,497500
DAYA,2009-08-05,0.2600,0.2600,0.2550,0.2550,596900
DAYA,2009-08-06,0.2550,0.2600,0.2550,0.2550,370000
DAYA,2009-08-07,0.2550,0.2600,0.2500,0.2600,424500
DAYA,2009-08-10,0.2550,0.2550,0.2500,0.2500,41000
DAYA,2009-08-11,0.2550,0.2550,0.2500,0.2500,558800
DAYA,2009-08-12,0.2500,0.2550,0.2500,0.2500,150000
DAYA,2009-08-13,0.2500,0.2550,0.2500,0.2500,559000
DAYA,2009-08-14,0.2600,0.2600,0.2500,0.2550,650500
DAYA,2009-08-17,0.2600,0.2600,0.2500,0.2500,770700
DAYA,2009-08-18,0.2500,0.2600,0.2500,0.2600,449900
DAYA,2009-08-19,0.2500,0.2550,0.2500,0.2500,683600
DAYA,2009-08-20,0.2500,0.2700,0.2500,0.2700,1535700
DAYA,2009-08-21,0.2750,0.2900,0.2700,0.2700,6302600
DAYA,2009-08-24,0.2800,0.2800,0.2700,0.2750,1721300
DAYA,2009-08-25,0.2750,0.2750,0.2700,0.2750,674000
DAYA,2009-08-26,0.2750,0.2750,0.2650,0.2750,929000
DAYA,2009-08-27,0.2750,0.2850,0.2750,0.2800,693100
DAYA,2009-08-28,0.2850,0.2850,0.2450,0.2700,7000000
DAYA,2009-09-01,0.2700,0.2750,0.2700,0.2700,250000
DAYA,2009-09-02,0.2650,0.2700,0.2600,0.2700,159500
DAYA,2009-09-03,0.2700,0.2700,0.2700,0.2700,325000
DAYA,2009-09-04,0.2700,0.2700,0.2650,0.2700,402000
DAYA,2009-09-07,0.2750,0.2750,0.2700,0.2700,836700
DAYA,2009-09-08,0.2750,0.2750,0.2650,0.2750,1132200
DAYA,2009-09-09,0.2750,0.2750,0.2700,0.2750,865400
DAYA,2009-09-10,0.2750,0.2750,0.2650,0.2700,1437100
DAYA,2009-09-11,0.2650,0.2700,0.2650,0.2700,1065900
DAYA,2009-09-14,0.2700,0.2700,0.2650,0.2650,600000
DAYA,2009-09-15,0.2650,0.2700,0.2650,0.2700,155000
DAYA,2009-09-16,0.2650,0.2650,0.2600,0.2650,988000
DAYA,2009-09-17,0.2650,0.2650,0.2600,0.2600,413200
DAYA,2009-09-18,0.2600,0.2650,0.2600,0.2650,90200
DAYA,2009-09-23,0.2600,0.2650,0.2600,0.2600,762800
DAYA,2009-09-24,0.2650,0.2700,0.2650,0.2700,570000
DAYA,2009-09-25,0.2650,0.2700,0.2650,0.2700,699500
DAYA,2009-09-28,0.2600,0.2700,0.2600,0.2650,579600
DAYA,2009-09-29,0.2650,0.2700,0.2650,0.2700,821000
DAYA,2009-09-30,0.2650,0.2700,0.2650,0.2700,1186400
DAYA,2009-10-01,0.2700,0.3200,0.2700,0.3100,9616700
DAYA,2009-10-02,0.3100,0.3100,0.3000,0.3100,2880800
DAYA,2009-10-05,0.3200,0.3500,0.3150,0.3450,10085100
DAYA,2009-10-06,0.3500,0.3550,0.3300,0.3350,3518000
DAYA,2009-10-07,0.3450,0.3450,0.3200,0.3200,3019000
DAYA,2009-10-08,0.3250,0.3300,0.3200,0.3250,2045500
DAYA,2009-10-09,0.3300,0.3450,0.3150,0.3400,3990400
DAYA,2009-10-12,0.3450,0.3450,0.3300,0.3300,1884900
DAYA,2009-10-13,0.3400,0.3700,0.3300,0.3650,8229800
DAYA,2009-10-14,0.3650,0.3850,0.3650,0.3800,6054100
DAYA,2009-10-15,0.3800,0.3900,0.3600,0.3700,4092300
DAYA,2009-10-16,0.3700,0.3800,0.3700,0.3750,2283900
DAYA,2009-10-19,0.3800,0.4150,0.3700,0.4150,9206700
DAYA,2009-10-20,0.4200,0.4300,0.4050,0.4100,7121200
DAYA,2009-10-21,0.4050,0.4100,0.3850,0.3850,1492400
DAYA,2009-10-22,0.3850,0.4150,0.3850,0.4100,4449500
DAYA,2009-10-23,0.4150,0.4200,0.3950,0.4000,1843800
DAYA,2009-10-26,0.4000,0.4050,0.3800,0.3950,2809500
DAYA,2009-10-27,0.3900,0.4250,0.3850,0.4050,5514000
DAYA,2009-10-28,0.4050,0.4050,0.3950,0.4000,2243000
DAYA,2009-10-29,0.3900,0.4000,0.3900,0.3950,2212700
DAYA,2009-10-30,0.3950,0.4050,0.3950,0.4050,2724000
DAYA,2009-11-02,0.4000,0.4400,0.3950,0.4100,12375900
DAYA,2009-11-03,0.4150,0.4150,0.4000,0.4050,3518800
DAYA,2009-11-04,0.4100,0.4200,0.4100,0.4200,5748700
DAYA,2009-11-05,0.4200,0.4300,0.4100,0.4200,6473200
DAYA,2009-11-06,0.4250,0.4350,0.4050,0.4050,11353000
DAYA,2009-11-09,0.4100,0.4100,0.3950,0.4100,2547000
DAYA,2009-11-10,0.4100,0.4100,0.3950,0.4000,3076600
DAYA,2009-11-11,0.4000,0.4000,0.3800,0.3850,3648000
DAYA,2009-11-12,0.3850,0.3850,0.3600,0.3750,4481700
DAYA,2009-11-13,0.3750,0.3800,0.3700,0.3800,1384100
DAYA,2009-11-16,0.3800,0.3800,0.3650,0.3650,1704400
DAYA,2009-11-17,0.3700,0.3750,0.3500,0.3550,1717600
DAYA,2009-11-18,0.3550,0.3550,0.3450,0.3450,1157200
DAYA,2009-11-19,0.3450,0.3450,0.3400,0.3400,1501300
DAYA,2009-11-20,0.3400,0.3700,0.3250,0.3650,2555400
DAYA,2009-11-23,0.3750,0.3750,0.3400,0.3450,1161900
DAYA,2009-11-24,0.3450,0.3550,0.3450,0.3500,678000
DAYA,2009-11-25,0.3550,0.3550,0.3400,0.3450,534000
DAYA,2009-11-26,0.3450,0.3600,0.3400,0.3450,1693000
DAYA,2009-11-30,0.3400,0.3400,0.3200,0.3350,868500
DAYA,2009-12-01,0.3300,0.3400,0.3250,0.3300,1566700
DAYA,2009-12-02,0.3350,0.3350,0.3300,0.3350,251000
DAYA,2009-12-03,0.3350,0.3400,0.3350,0.3400,832000
DAYA,2009-12-04,0.3400,0.3400,0.3350,0.3350,704500
DAYA,2009-12-07,0.3350,0.3750,0.3350,0.3450,6254800
DAYA,2009-12-08,0.3500,0.3500,0.3450,0.3450,508500
DAYA,2009-12-09,0.3450,0.3450,0.3300,0.3300,1529200
DAYA,2009-12-10,0.3350,0.3400,0.3300,0.3300,1728900
DAYA,2009-12-11,0.3300,0.3300,0.3200,0.3200,1958500
DAYA,2009-12-14,0.3200,0.3250,0.3150,0.3150,2172000
DAYA,2009-12-15,0.3200,0.3200,0.3100,0.3100,937000
DAYA,2009-12-16,0.3250,0.3250,0.3100,0.3150,792000
DAYA,2009-12-17,0.3150,0.3150,0.3100,0.3150,502200
DAYA,2009-12-21,0.3150,0.3150,0.3100,0.3150,906500
DAYA,2009-12-22,0.3150,0.3200,0.3150,0.3200,433800
DAYA,2009-12-23,0.3200,0.3250,0.3200,0.3250,368700
DAYA,2009-12-24,0.3250,0.3250,0.3200,0.3250,653000
DAYA,2009-12-28,0.3250,0.3250,0.3250,0.3250,365000
DAYA,2009-12-29,0.3250,0.3250,0.3100,0.3150,1436100
DAYA,2009-12-30,0.3150,0.3250,0.3150,0.3200,877000
DAYA,2009-12-31,0.3150,0.3250,0.3150,0.3200,454000
DAYA,2010-01-04,0.3250,0.3300,0.3250,0.3300,285500
DAYA,2010-01-05,0.3350,0.3450,0.3350,0.3450,1560100
DAYA,2010-01-06,0.3400,0.3500,0.3350,0.3400,1481700
DAYA,2010-01-07,0.3400,0.3450,0.3350,0.3400,618600
DAYA,2010-01-08,0.3450,0.3450,0.3300,0.3350,999000
DAYA,2010-01-11,0.3350,0.3350,0.3250,0.3250,1152000
DAYA,2010-01-12,0.3300,0.3500,0.3250,0.3400,2109900
DAYA,2010-01-13,0.3400,0.3500,0.3350,0.3400,1711600
DAYA,2010-01-14,0.3450,0.3600,0.3450,0.3500,2793700
DAYA,2010-01-15,0.3500,0.3500,0.3200,0.3400,6395000
DAYA,2010-01-18,0.3400,0.3500,0.3350,0.3450,605500
DAYA,2010-01-19,0.3450,0.3500,0.3400,0.3400,409000
DAYA,2010-01-20,0.3450,0.3450,0.3200,0.3400,735300
DAYA,2010-01-21,0.3350,0.3450,0.3300,0.3300,989600
DAYA,2010-01-22,0.3300,0.3300,0.3200,0.3250,2109000
DAYA,2010-01-25,0.3250,0.3300,0.3150,0.3200,1526300
DAYA,2010-01-26,0.3200,0.3200,0.3050,0.3100,3997900
DAYA,2010-01-27,0.3050,0.3150,0.3000,0.3000,3028100
DAYA,2010-01-28,0.3000,0.3100,0.3000,0.3050,2576000
DAYA,2010-01-29,0.3000,0.3000,0.2950,0.3000,1966000
DAYA,2010-02-02,0.3050,0.3050,0.2850,0.2900,2428900
DAYA,2010-02-03,0.2900,0.2950,0.2900,0.2900,1468500
DAYA,2010-02-04,0.2900,0.2950,0.2900,0.2950,539900
DAYA,2010-02-05,0.2850,0.2900,0.2800,0.2850,1007800
DAYA,2010-02-08,0.2850,0.2850,0.2750,0.2800,1119000
DAYA,2010-02-09,0.2800,0.2900,0.2800,0.2900,451000
DAYA,2010-02-10,0.2900,0.2900,0.2800,0.2800,180100
DAYA,2010-02-11,0.2800,0.2850,0.2800,0.2800,165900
DAYA,2010-02-12,0.2800,0.2900,0.2800,0.2900,94500
DAYA,2010-02-17,0.2950,0.2950,0.2850,0.2850,650500
DAYA,2010-02-18,0.2900,0.2900,0.2850,0.2900,383000
DAYA,2010-02-19,0.2900,0.2900,0.2850,0.2900,319100
DAYA,2010-02-22,0.2950,0.2950,0.2800,0.2900,1293700
DAYA,2010-02-23,0.2900,0.2900,0.2800,0.2800,1100000
DAYA,2010-02-24,0.2750,0.2750,0.2650,0.2650,3254900
DAYA,2010-02-25,0.2650,0.2650,0.2450,0.2450,3590900
DAYA,2010-03-01,0.2450,0.2600,0.2450,0.2600,1144700
DAYA,2010-03-02,0.2650,0.2700,0.2650,0.2650,565200
DAYA,2010-03-03,0.2700,0.2700,0.2650,0.2650,402300
DAYA,2010-03-04,0.2700,0.2800,0.2700,0.2700,855000
DAYA,2010-03-05,0.2700,0.2700,0.2650,0.2650,570600
DAYA,2010-03-08,0.2700,0.2750,0.2700,0.2750,281100
DAYA,2010-03-09,0.2700,0.2750,0.2650,0.2700,439100
DAYA,2010-03-10,0.2650,0.2750,0.2650,0.2750,247800
DAYA,2010-03-11,0.2750,0.2750,0.2650,0.2650,357200
DAYA,2010-03-12,0.2650,0.2750,0.2650,0.2750,234200
DAYA,2010-03-15,0.2750,0.2750,0.2650,0.2650,732600
DAYA,2010-03-16,0.2750,0.2750,0.2700,0.2700,899000
DAYA,2010-03-17,0.2750,0.2750,0.2700,0.2700,522700
DAYA,2010-03-18,0.2750,0.2800,0.2700,0.2750,419000
DAYA,2010-03-19,0.2750,0.2750,0.2700,0.2750,769000
DAYA,2010-03-22,0.2700,0.2750,0.2700,0.2750,618000
DAYA,2010-03-23,0.2700,0.2700,0.2650,0.2700,497600
DAYA,2010-03-24,0.2650,0.2700,0.2650,0.2700,778500
DAYA,2010-03-25,0.2700,0.2750,0.2650,0.2700,505000
DAYA,2010-03-26,0.2650,0.2700,0.2650,0.2650,333900
DAYA,2010-03-29,0.2700,0.2750,0.2650,0.2700,445600
DAYA,2010-03-30,0.2650,0.2650,0.2600,0.2600,824000
DAYA,2010-03-31,0.2600,0.2650,0.2600,0.2650,160000
DAYA,2010-04-01,0.2650,0.2700,0.2600,0.2700,119100
DAYA,2010-04-02,0.2650,0.2700,0.2650,0.2700,267600
DAYA,2010-04-05,0.2650,0.2700,0.2650,0.2650,672700
DAYA,2010-04-06,0.2650,0.2700,0.2650,0.2650,487700
DAYA,2010-04-07,0.2650,0.2700,0.2650,0.2700,115000
DAYA,2010-04-08,0.2650,0.2700,0.2650,0.2700,695000
DAYA,2010-04-09,0.2700,0.3100,0.2700,0.3000,3525700
DAYA,2010-04-12,0.3050,0.3200,0.3000,0.3000,5273200
DAYA,2010-04-13,0.3000,0.3000,0.2950,0.3000,777900
DAYA,2010-04-14,0.3000,0.3050,0.2950,0.2950,1805400
DAYA,2010-04-15,0.3000,0.3050,0.2950,0.2950,912500
DAYA,2010-04-16,0.2950,0.3000,0.2750,0.2800,1485100
DAYA,2010-04-19,0.2800,0.2850,0.2750,0.2800,879000
DAYA,2010-04-20,0.2850,0.2850,0.2800,0.2850,1046000
DAYA,2010-04-21,0.2850,0.2850,0.2750,0.2800,872700
DAYA,2010-04-22,0.2800,0.2800,0.2700,0.2750,1153000
DAYA,2010-04-23,0.2700,0.2750,0.2700,0.2700,1104400
DAYA,2010-04-26,0.2700,0.2700,0.2600,0.2600,1315600
DAYA,2010-04-27,0.2750,0.2800,0.2700,0.2750,4077200
DAYA,2010-04-28,0.2650,0.2700,0.2650,0.2650,663200
DAYA,2010-04-29,0.2650,0.2700,0.2650,0.2650,1307000
DAYA,2010-04-30,0.2700,0.2750,0.2700,0.2700,563000
DAYA,2010-05-03,0.2700,0.2700,0.2600,0.2650,1092600
DAYA,2010-05-04,0.2650,0.2750,0.2650,0.2650,1471500
DAYA,2010-05-05,0.2650,0.2700,0.2650,0.2650,941600
DAYA,2010-05-06,0.2650,0.2700,0.2600,0.2600,862000
DAYA,2010-05-07,0.2600,0.2600,0.2550,0.2550,826800
DAYA,2010-05-10,0.2600,0.2600,0.2550,0.2550,997300
DAYA,2010-05-11,0.2600,0.2600,0.2550,0.2600,234500
DAYA,2010-05-12,0.2600,0.2600,0.2600,0.2600,324100
DAYA,2010-05-13,0.2650,0.2650,0.2600,0.2600,734000
DAYA,2010-05-14,0.2600,0.2600,0.2500,0.2500,5000000
DAYA,2010-05-17,0.2650,0.2650,0.2600,0.2600,597000
DAYA,2010-05-18,0.2600,0.2600,0.2550,0.2550,1081000
DAYA,2010-05-19,0.2550,0.2550,0.2500,0.2550,1257400
DAYA,2010-05-20,0.2500,0.2550,0.2450,0.2550,4085900
DAYA,2010-05-21,0.2450,0.2500,0.2400,0.2450,303500
DAYA,2010-05-24,0.2400,0.2450,0.2300,0.2400,435000
DAYA,2010-05-25,0.2300,0.2350,0.2200,0.2200,803000
DAYA,2010-05-26,0.2250,0.2300,0.2250,0.2300,539000
DAYA,2010-05-27,0.2350,0.2500,0.2350,0.2500,522000
DAYA,2010-05-31,0.2500,0.2500,0.2400,0.2450,1008000
DAYA,2010-06-01,0.2500,0.2500,0.2400,0.2450,1084000
DAYA,2010-06-02,0.2400,0.2450,0.2400,0.2450,1377000
DAYA,2010-06-03,0.2450,0.2450,0.2400,0.2400,1279000
DAYA,2010-06-04,0.2400,0.2500,0.2400,0.2500,497900
DAYA,2010-06-07,0.2500,0.2500,0.2350,0.2400,451000
DAYA,2010-06-08,0.2400,0.2450,0.2350,0.2450,160400
DAYA,2010-06-09,0.2450,0.2450,0.2400,0.2400,356000
DAYA,2010-06-10,0.2400,0.2450,0.2400,0.2400,160500
DAYA,2010-06-11,0.2450,0.2450,0.2400,0.2450,429000
DAYA,2010-06-14,0.2450,0.2450,0.2450,0.2450,256700
DAYA,2010-06-15,0.2450,0.2450,0.2400,0.2450,245000
DAYA,2010-06-16,0.2450,0.2450,0.2400,0.2450,409100
DAYA,2010-06-17,0.2400,0.2450,0.2300,0.2400,672000
DAYA,2010-06-18,0.2400,0.2450,0.2350,0.2400,191300
DAYA,2010-06-21,0.2450,0.2650,0.2450,0.2600,1251500
DAYA,2010-06-22,0.2650,0.2650,0.2550,0.2550,1809200
DAYA,2010-06-23,0.2600,0.2650,0.2600,0.2600,527000
DAYA,2010-06-24,0.2600,0.2700,0.2600,0.2650,612400
DAYA,2010-06-25,0.2700,0.2700,0.2600,0.2600,385200
DAYA,2010-06-28,0.2600,0.2650,0.2600,0.2600,799000
DAYA,2010-06-29,0.2600,0.2650,0.2500,0.2550,616400
DAYA,2010-06-30,0.2300,0.2300,0.2100,0.2150,1069800
DAYA,2010-07-01,0.2100,0.2150,0.2050,0.2100,558000
DAYA,2010-07-02,0.2050,0.2050,0.2050,0.2050,334000
DAYA,2010-07-05,0.2050,0.2050,0.2000,0.2050,483000
DAYA,2010-07-06,0.2000,0.2000,0.1950,0.2000,565400
DAYA,2010-07-07,0.2000,0.2000,0.1950,0.1950,847000
DAYA,2010-07-08,0.2000,0.2000,0.1950,0.2000,216000
DAYA,2010-07-09,0.1950,0.2000,0.1900,0.2000,542000
DAYA,2010-07-12,0.2000,0.2050,0.1950,0.1950,750600
DAYA,2010-07-13,0.1950,0.1950,0.1900,0.1900,181000
DAYA,2010-07-14,0.1950,0.1950,0.1900,0.1950,348000
DAYA,2010-07-15,0.1900,0.1950,0.1900,0.1900,981800
DAYA,2010-07-16,0.1900,0.1900,0.1850,0.1900,425500
DAYA,2010-07-19,0.1900,0.1900,0.1850,0.1850,998000
DAYA,2010-07-20,0.1850,0.1900,0.1850,0.1900,1234500
DAYA,2010-07-21,0.1900,0.2000,0.1900,0.1950,1453100
DAYA,2010-07-22,0.1950,0.1950,0.1900,0.1900,880000
DAYA,2010-07-23,0.1950,0.1950,0.1900,0.1950,337000
DAYA,2010-07-26,0.1950,0.1950,0.1900,0.1950,1361200
DAYA,2010-07-27,0.1950,0.2150,0.1950,0.1950,5188900
DAYA,2010-07-28,0.2100,0.2100,0.2000,0.2050,727700
DAYA,2010-07-29,0.2000,0.2000,0.1950,0.1950,1126100
DAYA,2010-07-30,0.1950,0.1950,0.1900,0.1950,1782800
DAYA,2010-08-02,0.1950,0.2000,0.1950,0.2000,2201400
DAYA,2010-08-03,0.2050,0.2100,0.1950,0.2100,2206000
DAYA,2010-08-04,0.2000,0.2000,0.1800,0.1950,2000000
DAYA,2010-08-05,0.2000,0.2000,0.1950,0.1950,586400
DAYA,2010-08-06,0.1950,0.1950,0.1900,0.1950,4658800
DAYA,2010-08-09,0.1950,0.1950,0.1850,0.1900,4855700
DAYA,2010-08-10,0.1900,0.1900,0.1850,0.1900,615000
DAYA,2010-08-11,0.1900,0.1900,0.1850,0.1850,850000
DAYA,2010-08-12,0.1850,0.1900,0.1800,0.1850,690600
DAYA,2010-08-13,0.1850,0.1900,0.1850,0.1850,709100
DAYA,2010-08-16,0.1900,0.1900,0.1800,0.1900,974200
DAYA,2010-08-17,0.1850,0.1900,0.1800,0.1850,2420400
DAYA,2010-08-18,0.1850,0.2000,0.1800,0.1850,2800000
DAYA,2010-08-19,0.1850,0.1850,0.1800,0.1850,1000000
DAYA,2010-08-20,0.1850,0.1850,0.1800,0.1800,1515100
DAYA,2010-08-23,0.1800,0.1850,0.1750,0.1850,1456700
DAYA,2010-08-24,0.1800,0.1850,0.1800,0.1800,1065400
DAYA,2010-08-25,0.1800,0.1800,0.1750,0.1800,575300
DAYA,2010-08-26,0.1800,0.1800,0.1750,0.1750,384900
DAYA,2010-08-27,0.1750,0.1750,0.1750,0.1750,1828600
DAYA,2010-08-30,0.1750,0.1750,0.1650,0.1700,1362200
DAYA,2010-09-01,0.1650,0.1750,0.1650,0.1650,856300
DAYA,2010-09-02,0.1650,0.1650,0.1650,0.1650,1662200
DAYA,2010-09-03,0.1650,0.1700,0.1650,0.1700,1338000
DAYA,2010-09-06,0.1700,0.1700,0.1650,0.1700,300000
DAYA,2010-09-07,0.1650,0.1650,0.1650,0.1650,436000
DAYA,2010-09-08,0.1650,0.1650,0.1600,0.1650,207700
DAYA,2010-09-09,0.1650,0.1700,0.1650,0.1700,572300
DAYA,2010-09-13,0.1700,0.1750,0.1650,0.1750,398000
DAYA,2010-09-14,0.1700,0.1750,0.1700,0.1700,1586200
DAYA,2010-09-15,0.1700,0.1700,0.1700,0.1700,93900
DAYA,2010-09-17,0.1700,0.1700,0.1700,0.1700,514100
DAYA,2010-09-20,0.1750,0.1750,0.1700,0.1700,970400
DAYA,2010-09-21,0.1700,0.1700,0.1650,0.1700,457400
DAYA,2010-09-22,0.1650,0.1700,0.1650,0.1650,431200
DAYA,2010-09-23,0.1650,0.1650,0.1650,0.1650,164000
DAYA,2010-09-24,0.1700,0.1750,0.1700,0.1750,952000
DAYA,2010-09-27,0.1750,0.1750,0.1700,0.1750,500200
DAYA,2010-09-28,0.1700,0.1700,0.1700,0.1700,481900
DAYA,2010-09-29,0.1700,0.1700,0.1700,0.1700,477100
DAYA,2010-09-30,0.1700,0.1700,0.1650,0.1650,738200
DAYA,2010-10-01,0.1700,0.1950,0.1700,0.1900,3995600
DAYA,2010-10-04,0.1900,0.2050,0.1900,0.1950,7708100
DAYA,2010-10-05,0.1950,0.1950,0.1900,0.1900,1524600
DAYA,2010-10-06,0.1950,0.1950,0.1900,0.1900,877800
DAYA,2010-10-07,0.1850,0.1850,0.1800,0.1800,634200
DAYA,2010-10-08,0.1850,0.1850,0.1800,0.1800,807300
DAYA,2010-10-11,0.1850,0.1900,0.1800,0.1900,569100
DAYA,2010-10-12,0.1900,0.1900,0.1850,0.1850,471000
DAYA,2010-10-13,0.1850,0.1900,0.1850,0.1900,495000
DAYA,2010-10-14,0.1900,0.1900,0.1850,0.1850,521300
DAYA,2010-10-15,0.1900,0.1900,0.1850,0.1900,1589500
DAYA,2010-10-18,0.1900,0.1900,0.1800,0.1800,1295100
DAYA,2010-10-19,0.1850,0.1900,0.1850,0.1850,567100
DAYA,2010-10-20,0.1850,0.1900,0.1850,0.1900,915500
DAYA,2010-10-21,0.1900,0.1950,0.1900,0.1900,1795100
DAYA,2010-10-22,0.1950,0.2200,0.1950,0.2100,14103300
DAYA,2010-10-25,0.2200,0.2300,0.2150,0.2250,15601800
DAYA,2010-10-26,0.2300,0.2350,0.2200,0.2250,7755700
DAYA,2010-10-27,0.2300,0.2300,0.2150,0.2200,3898100
DAYA,2010-10-28,0.2200,0.2200,0.2150,0.2150,2706900
DAYA,2010-10-29,0.2200,0.2200,0.2150,0.2200,6620500
DAYA,2010-11-01,0.2250,0.2500,0.2250,0.2450,33307600
DAYA,2010-11-02,0.2500,0.2500,0.2400,0.2450,8376000
DAYA,2010-11-03,0.2450,0.2450,0.2400,0.2400,3450000
DAYA,2010-11-04,0.2450,0.2550,0.2400,0.2450,11001300
DAYA,2010-11-08,0.2550,0.2750,0.2550,0.2700,25756000
DAYA,2010-11-09,0.2700,0.2750,0.2550,0.2650,12355200
DAYA,2010-11-10,0.2650,0.2700,0.2550,0.2700,8493500
DAYA,2010-11-11,0.2700,0.2700,0.2600,0.2650,10107700
DAYA,2010-11-12,0.2650,0.2650,0.2550,0.2650,7841300
DAYA,2010-11-15,0.2600,0.2600,0.2550,0.2550,4068900
DAYA,2010-11-16,0.2600,0.2700,0.2450,0.2500,10723200
DAYA,2010-11-18,0.2450,0.2550,0.2450,0.2450,2730400
DAYA,2010-11-19,0.2500,0.2550,0.2400,0.2450,5803400
DAYA,2010-11-22,0.2450,0.2450,0.2400,0.2400,2458500
DAYA,2010-11-23,0.2400,0.2400,0.2200,0.2250,3659000
DAYA,2010-11-24,0.2150,0.2300,0.2150,0.2250,2027500
DAYA,2010-11-25,0.2250,0.2450,0.2250,0.2400,9949900
DAYA,2010-11-26,0.2450,0.2450,0.2250,0.2250,4616200
DAYA,2010-11-29,0.2250,0.2250,0.2150,0.2200,2057000
DAYA,2010-11-30,0.2200,0.2200,0.2100,0.2100,4670900
DAYA,2010-12-01,0.2100,0.2200,0.2100,0.2100,4644200
DAYA,2010-12-02,0.2150,0.2200,0.2100,0.2200,2630500
DAYA,2010-12-03,0.2200,0.2200,0.2100,0.2100,3831500
DAYA,2010-12-06,0.2150,0.2150,0.2000,0.2050,2809800
DAYA,2010-12-08,0.2050,0.2150,0.2050,0.2150,5151800
DAYA,2010-12-09,0.2150,0.2150,0.2100,0.2150,3112100
DAYA,2010-12-10,0.2150,0.2200,0.2100,0.2150,3633600
DAYA,2010-12-13,0.2150,0.2150,0.2150,0.2150,1765000
DAYA,2010-12-14,0.2150,0.2350,0.2100,0.2350,8779600
DAYA,2010-12-15,0.2350,0.2400,0.2250,0.2250,4909700
DAYA,2010-12-16,0.2250,0.2250,0.2200,0.2200,469000
DAYA,2010-12-17,0.2250,0.2350,0.2250,0.2350,5113200
DAYA,2010-12-20,0.2350,0.2350,0.2200,0.2250,2615600
DAYA,2010-12-21,0.2300,0.2300,0.2250,0.2250,4092800
DAYA,2010-12-22,0.2250,0.2300,0.2150,0.2250,5519100
DAYA,2010-12-23,0.2200,0.2250,0.2200,0.2200,1988800
DAYA,2010-12-24,0.2150,0.2200,0.2150,0.2150,2114100
DAYA,2010-12-27,0.2200,0.2250,0.2200,0.2200,2021900
DAYA,2010-12-28,0.2200,0.2250,0.2150,0.2200,1365100
DAYA,2010-12-29,0.2200,0.2200,0.2150,0.2150,621300
DAYA,2010-12-30,0.2150,0.2200,0.2150,0.2200,847200
DAYA,2011-01-03,0.2150,0.2250,0.2150,0.2250,11718600
DAYA,2011-01-04,0.2250,0.2450,0.2200,0.2350,23423800
DAYA,2011-01-05,0.2400,0.2400,0.2300,0.2400,5100000
DAYA,2011-01-06,0.2400,0.2400,0.2300,0.2350,5547200
DAYA,2011-01-07,0.2350,0.2450,0.2350,0.2400,10906500
DAYA,2011-01-10,0.2450,0.2500,0.2350,0.2400,8760800
DAYA,2011-01-11,0.2400,0.2450,0.2350,0.2400,4978200
DAYA,2011-01-12,0.2450,0.2600,0.2450,0.2600,29489500
DAYA,2011-01-13,0.2650,0.2900,0.2650,0.2750,72255000
DAYA,2011-01-14,0.2800,0.2800,0.2650,0.2700,18616100
DAYA,2011-01-17,0.2700,0.2700,0.2600,0.2600,7106600
DAYA,2011-01-18,0.2600,0.2650,0.2450,0.2500,9935100
DAYA,2011-01-19,0.2550,0.2550,0.2400,0.2450,14861500
DAYA,2011-01-21,0.2450,0.2550,0.2400,0.2500,8922800
DAYA,2011-01-24,0.2500,0.2550,0.2400,0.2450,7832700
DAYA,2011-01-25,0.2500,0.2500,0.2350,0.2400,6943200
DAYA,2011-01-26,0.2400,0.2400,0.2350,0.2400,4758300
DAYA,2011-01-27,0.2400,0.2650,0.2400,0.2550,27752200
DAYA,2011-01-28,0.2600,0.2600,0.2450,0.2450,10028900
DAYA,2011-01-31,0.2450,0.2500,0.2400,0.2500,4801600
DAYA,2011-02-02,0.2550,0.2800,0.2550,0.2750,38757800
DAYA,2011-02-07,0.2850,0.2950,0.2750,0.2850,57161000
DAYA,2011-02-08,0.2900,0.2900,0.2750,0.2750,10414000
DAYA,2011-02-09,0.2750,0.2800,0.2700,0.2750,15945100
DAYA,2011-02-10,0.2750,0.2750,0.2600,0.2650,13746800
DAYA,2011-02-11,0.2600,0.2650,0.2550,0.2600,13391300
DAYA,2011-02-14,0.2600,0.2700,0.2600,0.2650,9261300
DAYA,2011-02-16,0.2650,0.2650,0.2550,0.2600,6827300
DAYA,2011-02-17,0.2600,0.2600,0.2500,0.2550,8738600
DAYA,2011-02-18,0.2550,0.2700,0.2500,0.2650,17393300
DAYA,2011-02-21,0.2650,0.2700,0.2550,0.2550,6825000
DAYA,2011-02-22,0.2550,0.2550,0.2400,0.2450,7991900
DAYA,2011-02-23,0.2450,0.2550,0.2400,0.2550,6362000
DAYA,2011-02-24,0.2500,0.2500,0.2300,0.2350,9899200
DAYA,2011-02-25,0.2400,0.2450,0.2350,0.2400,5514900
DAYA,2011-02-28,0.2400,0.2400,0.2200,0.2350,872280
DAYA,2011-03-01,0.2350,0.2400,0.2300,0.2300,2357300
DAYA,2011-03-02,0.2300,0.2300,0.2150,0.2200,7580600
DAYA,2011-03-03,0.2150,0.2250,0.2150,0.2200,5480700
DAYA,2011-03-04,0.2250,0.2350,0.2250,0.2300,3198900
DAYA,2011-03-07,0.2300,0.2300,0.2200,0.2200,2215000
DAYA,2011-03-08,0.2250,0.2350,0.2200,0.2300,3211400
DAYA,2011-03-09,0.2350,0.2450,0.2300,0.2350,10674100
DAYA,2011-03-10,0.2350,0.2400,0.2300,0.2350,1445200
DAYA,2011-03-11,0.2300,0.2300,0.2250,0.2250,5125600
DAYA,2011-03-14,0.2200,0.2300,0.2200,0.2250,2815000
DAYA,2011-03-15,0.2200,0.2200,0.2100,0.2150,5373900
DAYA,2011-03-16,0.2200,0.2200,0.2100,0.2200,3622900
DAYA,2011-03-17,0.2100,0.2200,0.2100,0.2200,3024400
DAYA,2011-03-18,0.2200,0.2250,0.2150,0.2200,3738800
DAYA,2011-03-21,0.2200,0.2300,0.2200,0.2300,3062700
DAYA,2011-03-22,0.2300,0.2350,0.2250,0.2300,6485700
DAYA,2011-03-23,0.2300,0.2400,0.2300,0.2350,5171800
DAYA,2011-03-24,0.2350,0.2400,0.2350,0.2400,2398100
DAYA,2011-03-25,0.2400,0.2400,0.2300,0.2300,1467000
DAYA,2011-03-28,0.2300,0.2350,0.2250,0.2300,2891300
DAYA,2011-03-29,0.2300,0.2400,0.2300,0.2400,4293400
DAYA,2011-03-30,0.2400,0.2450,0.2350,0.2450,10507800
DAYA,2011-03-31,0.2450,0.2450,0.2350,0.2350,4085500
DAYA,2011-04-01,0.2350,0.2400,0.2350,0.2400,2635700
DAYA,2011-04-04,0.2400,0.2650,0.2350,0.2550,41186400
DAYA,2011-04-05,0.2600,0.2600,0.2500,0.2500,8370800
DAYA,2011-04-06,0.2500,0.2500,0.2400,0.2500,9202200
DAYA,2011-04-07,0.2500,0.2500,0.2450,0.2450,8126500
DAYA,2011-04-08,0.2450,0.2600,0.2450,0.2500,28244200
DAYA,2011-04-11,0.2600,0.2600,0.2400,0.2400,10406900
DAYA,2011-04-12,0.2450,0.2500,0.2350,0.2350,8181800
DAYA,2011-04-13,0.2400,0.2500,0.2350,0.2450,7674000
DAYA,2011-04-14,0.2450,0.2450,0.2350,0.2350,4644800
DAYA,2011-04-15,0.2400,0.2400,0.2350,0.2350,2199100
DAYA,2011-04-18,0.2400,0.2450,0.2400,0.2450,4056100
DAYA,2011-04-19,0.2400,0.2400,0.2350,0.2350,3681300
DAYA,2011-04-20,0.2400,0.2500,0.2400,0.2500,12740200
DAYA,2011-04-21,0.2550,0.2550,0.2400,0.2500,6977900
DAYA,2011-04-22,0.2450,0.2450,0.2400,0.2450,2996000
DAYA,2011-04-25,0.2500,0.2500,0.2400,0.2450,2220600
DAYA,2011-04-26,0.2450,0.2450,0.2400,0.2400,3881200
DAYA,2011-04-27,0.2400,0.2450,0.2350,0.2350,4267500
DAYA,2011-04-28,0.2400,0.2450,0.2400,0.2400,1730300
DAYA,2011-04-29,0.2400,0.2400,0.2350,0.2350,856000
DAYA,2011-05-03,0.2400,0.2400,0.2300,0.2350,3690400
DAYA,2011-05-04,0.2350,0.2350,0.2300,0.2350,2989800
DAYA,2011-05-05,0.2350,0.2400,0.2300,0.2300,1653100
DAYA,2011-05-06,0.2300,0.2400,0.2300,0.2350,3694800
DAYA,2011-05-09,0.2350,0.2400,0.2300,0.2300,2462100
DAYA,2011-05-10,0.2350,0.2400,0.2300,0.2350,1299100
DAYA,2011-05-11,0.2350,0.2400,0.2350,0.2350,3512500
DAYA,2011-05-12,0.2350,0.2350,0.2300,0.2350,6746100
DAYA,2011-05-13,0.2350,0.2350,0.2300,0.2300,1752700
DAYA,2011-05-16,0.2350,0.2350,0.2300,0.2300,2132600
DAYA,2011-05-18,0.2350,0.2350,0.2300,0.2350,3616200
DAYA,2011-05-19,0.2350,0.2350,0.2300,0.2300,707300
DAYA,2011-05-20,0.2300,0.2350,0.2300,0.2300,2914000
DAYA,2011-05-23,0.2300,0.2300,0.2250,0.2250,3317800
DAYA,2011-05-24,0.2250,0.2300,0.2250,0.2300,991100
DAYA,2011-05-25,0.2300,0.2300,0.2250,0.2250,1584200
DAYA,2011-05-26,0.2300,0.2300,0.2250,0.2250,461500
DAYA,2011-05-27,0.2300,0.2300,0.2250,0.2250,559500
DAYA,2011-05-30,0.2250,0.2300,0.2200,0.2300,927800
DAYA,2011-05-31,0.2250,0.2300,0.2200,0.2300,954100
DAYA,2011-06-01,0.2250,0.2250,0.2200,0.2250,793000
DAYA,2011-06-02,0.2200,0.2250,0.2200,0.2250,1523500
DAYA,2011-06-03,0.2250,0.2300,0.2200,0.2250,769000
DAYA,2011-06-06,0.2250,0.2250,0.2200,0.2200,488500
DAYA,2011-06-07,0.2200,0.2200,0.2200,0.2200,1033500
DAYA,2011-06-08,0.2200,0.2200,0.2150,0.2200,1468000
DAYA,2011-06-09,0.2200,0.2200,0.2100,0.2150,5043600
DAYA,2011-06-10,0.2150,0.2250,0.2150,0.2250,1534000
DAYA,2011-06-13,0.2200,0.2200,0.2150,0.2150,1021500
DAYA,2011-06-14,0.2150,0.2200,0.2150,0.2200,560300
DAYA,2011-06-15,0.2200,0.2200,0.2150,0.2200,988000
DAYA,2011-06-16,0.2200,0.2200,0.2150,0.2150,1101000
DAYA,2011-06-17,0.2200,0.2200,0.2150,0.2200,1021400
DAYA,2011-06-20,0.2200,0.2250,0.2200,0.2250,1516300
DAYA,2011-06-21,0.2250,0.2250,0.2200,0.2200,1749400
DAYA,2011-06-22,0.2200,0.2200,0.2150,0.2200,1221700
DAYA,2011-06-23,0.2200,0.2200,0.2100,0.2150,1980900
DAYA,2011-06-24,0.2150,0.2250,0.2150,0.2200,4635800
DAYA,2011-06-27,0.2200,0.2200,0.2100,0.2150,3103700
DAYA,2011-06-28,0.2150,0.2150,0.2100,0.2100,1554200
DAYA,2011-06-29,0.2150,0.2150,0.2100,0.2100,677700
DAYA,2011-06-30,0.2100,0.2100,0.2050,0.2100,2477000
DAYA,2011-07-01,0.2100,0.2100,0.2100,0.2100,1075300
DAYA,2011-07-04,0.2100,0.2100,0.2100,0.2100,474000
DAYA,2011-07-05,0.2100,0.2100,0.2050,0.2100,681500
DAYA,2011-07-06,0.2100,0.2100,0.2050,0.2050,2392500
DAYA,2011-07-07,0.2100,0.2100,0.2050,0.2050,711800
DAYA,2011-07-08,0.2050,0.2100,0.2000,0.2050,970200
DAYA,2011-07-11,0.2050,0.2050,0.2000,0.2000,1062400
DAYA,2011-07-12,0.2000,0.2050,0.2000,0.2000,1250000
DAYA,2011-07-13,0.2000,0.2050,0.2000,0.2050,3481700
DAYA,2011-07-14,0.2050,0.2050,0.1950,0.2000,1812100
DAYA,2011-07-15,0.2150,0.2200,0.2100,0.2100,10557300
DAYA,2011-07-18,0.2100,0.2100,0.2050,0.2100,2124500
DAYA,2011-07-19,0.2000,0.2050,0.2000,0.2050,1556200
DAYA,2011-07-20,0.2050,0.2050,0.2000,0.2050,1314300
DAYA,2011-07-21,0.2050,0.2050,0.2000,0.2050,2393300
DAYA,2011-07-22,0.2050,0.2050,0.2000,0.2050,739100
DAYA,2011-07-25,0.2000,0.2050,0.2000,0.2000,3194100
DAYA,2011-07-26,0.2100,0.2150,0.2050,0.2050,3924500
DAYA,2011-07-27,0.2050,0.2100,0.2050,0.2050,2308200
DAYA,2011-07-28,0.2050,0.2100,0.2050,0.2100,1664600
DAYA,2011-07-29,0.2050,0.2100,0.2000,0.2000,3083400
DAYA,2011-08-01,0.2050,0.2100,0.2050,0.2100,1754100
DAYA,2011-08-02,0.2100,0.2100,0.2050,0.2050,355000
DAYA,2011-08-03,0.2050,0.2050,0.2000,0.2000,3913500
DAYA,2011-08-04,0.2050,0.2050,0.2000,0.2050,1200300
DAYA,2011-08-05,0.1950,0.2000,0.1900,0.1950,4028300
DAYA,2011-08-08,0.1900,0.1900,0.1700,0.1800,6646600
DAYA,2011-08-09,0.1650,0.1800,0.1600,0.1700,6991200
DAYA,2011-08-10,0.1800,0.1850,0.1700,0.1800,5348300
DAYA,2011-08-11,0.1750,0.1800,0.1700,0.1750,2659400
DAYA,2011-08-12,0.1800,0.1800,0.1750,0.1750,1338500
DAYA,2011-08-15,0.1750,0.1800,0.1750,0.1750,1009800
DAYA,2011-08-16,0.1800,0.1850,0.1750,0.1750,3905100
DAYA,2011-08-17,0.1800,0.1850,0.1800,0.1850,1145500
DAYA,2011-08-18,0.1850,0.1850,0.1800,0.1850,627500
DAYA,2011-08-19,0.1750,0.1800,0.1750,0.1750,1193300
DAYA,2011-08-22,0.1750,0.1800,0.1750,0.1750,838100
DAYA,2011-08-23,0.1750,0.1800,0.1750,0.1800,886200
DAYA,2011-08-24,0.1800,0.1800,0.1750,0.1750,1151600
DAYA,2011-08-25,0.1750,0.1750,0.1700,0.1750,1252000
DAYA,2011-08-26,0.1750,0.1750,0.1700,0.1700,2974000
DAYA,2011-08-29,0.1700,0.1750,0.1700,0.1700,764000
DAYA,2011-09-02,0.1700,0.1750,0.1700,0.1750,896200
DAYA,2011-09-05,0.1700,0.1750,0.1700,0.1750,446100
DAYA,2011-09-06,0.1700,0.1750,0.1650,0.1750,1497200
DAYA,2011-09-07,0.1700,0.1750,0.1700,0.1700,363100
DAYA,2011-09-08,0.1700,0.1750,0.1700,0.1750,504400
DAYA,2011-09-09,0.1750,0.1800,0.1700,0.1750,815100
DAYA,2011-09-12,0.1750,0.1750,0.1700,0.1750,2131000
DAYA,2011-09-13,0.1750,0.1850,0.1750,0.1750,2861200
DAYA,2011-09-14,0.1800,0.1800,0.1750,0.1800,1864000
DAYA,2011-09-15,0.1800,0.1800,0.1750,0.1800,1127100
DAYA,2011-09-20,0.1750,0.1750,0.1700,0.1700,1296100
DAYA,2011-09-21,0.1700,0.1700,0.1700,0.1700,892000
DAYA,2011-09-22,0.1700,0.1700,0.1650,0.1650,2147100
DAYA,2011-09-23,0.1600,0.1700,0.1600,0.1700,2091000
DAYA,2011-09-26,0.1650,0.1650,0.1500,0.1600,3415700
DAYA,2011-09-27,0.1600,0.1650,0.1550,0.1600,1255100
DAYA,2011-09-28,0.1600,0.1600,0.1550,0.1600,816000
DAYA,2011-09-29,0.1550,0.1600,0.1550,0.1600,3603300
DAYA,2011-09-30,0.1600,0.1650,0.1550,0.1550,920500
DAYA,2011-10-03,0.1550,0.1600,0.1500,0.1600,774400
DAYA,2011-10-04,0.1550,0.1600,0.1550,0.1600,551400
DAYA,2011-10-05,0.1600,0.1600,0.1550,0.1550,1539800
DAYA,2011-10-06,0.1600,0.1700,0.1600,0.1700,4990000
DAYA,2011-10-07,0.1700,0.1700,0.1600,0.1650,975000
DAYA,2011-10-10,0.1600,0.1650,0.1550,0.1650,2113000
DAYA,2011-10-11,0.1650,0.1700,0.1650,0.1700,1185000
DAYA,2011-10-12,0.1650,0.1750,0.1650,0.1750,2977400
DAYA,2011-10-13,0.1800,0.1950,0.1800,0.1850,13294200
DAYA,2011-10-14,0.1850,0.1850,0.1800,0.1800,2253800
DAYA,2011-10-17,0.1800,0.1850,0.1800,0.1850,1165100
DAYA,2011-10-18,0.1800,0.1850,0.1750,0.1750,2986300
DAYA,2011-10-19,0.1800,0.1900,0.1800,0.1850,7874100
DAYA,2011-10-20,0.1850,0.1850,0.1800,0.1800,1594200
DAYA,2011-10-21,0.1850,0.1850,0.1800,0.1800,1543000
DAYA,2011-10-24,0.1800,0.1900,0.1800,0.1900,6712700
DAYA,2011-10-25,0.1900,0.1900,0.1850,0.1850,1565200
DAYA,2011-10-27,0.1900,0.1950,0.1850,0.1900,1983100
DAYA,2011-10-28,0.1950,0.1950,0.1850,0.1900,1738700
DAYA,2011-10-31,0.1900,0.1900,0.1850,0.1900,1157400
DAYA,2011-11-01,0.1850,0.1850,0.1850,0.1850,1212900
DAYA,2011-11-02,0.1850,0.1850,0.1800,0.1850,1573400
DAYA,2011-11-03,0.1850,0.1900,0.1800,0.1850,1037000
DAYA,2011-11-04,0.1850,0.1850,0.1850,0.1850,864100
DAYA,2011-11-08,0.1900,0.1900,0.1850,0.1850,1845900
DAYA,2011-11-09,0.1850,0.2050,0.1850,0.2000,6898100
DAYA,2011-11-10,0.1950,0.2000,0.1900,0.1950,3006100
DAYA,2011-11-11,0.1950,0.2050,0.1950,0.1950,8104300
DAYA,2011-11-14,0.2000,0.2050,0.2000,0.2050,6024000
DAYA,2011-11-15,0.2050,0.2200,0.2000,0.2100,14043700
DAYA,2011-11-16,0.2150,0.2150,0.2000,0.2050,4135800
DAYA,2011-11-17,0.2000,0.2050,0.2000,0.2000,1813800
DAYA,2011-11-18,0.2000,0.2100,0.2000,0.2000,5049000
DAYA,2011-11-21,0.2050,0.2050,0.1900,0.1900,5852600
DAYA,2011-11-22,0.1850,0.2000,0.1850,0.1950,3624000
DAYA,2011-11-23,0.1950,0.1950,0.1900,0.1900,1319000
DAYA,2011-11-24,0.1900,0.1950,0.1850,0.1900,2190100
DAYA,2011-11-25,0.1900,0.1900,0.1850,0.1900,959100
DAYA,2011-11-29,0.1950,0.1950,0.1950,0.1950,2269200
DAYA,2011-11-30,0.1950,0.2000,0.1900,0.1950,1713800
DAYA,2011-12-01,0.2000,0.2050,0.1950,0.1950,2557100
DAYA,2011-12-02,0.1950,0.2000,0.1950,0.1950,1411900
DAYA,2011-12-05,0.2000,0.2050,0.1950,0.1950,4123700
DAYA,2011-12-06,0.2000,0.2050,0.2000,0.2000,2205000
DAYA,2011-12-07,0.2000,0.2000,0.1950,0.1950,1113400
DAYA,2011-12-08,0.1950,0.2000,0.1950,0.1950,957400
DAYA,2011-12-09,0.1950,0.1950,0.1850,0.1900,2636300
DAYA,2011-12-12,0.1900,0.1950,0.1900,0.1950,821700
DAYA,2011-12-13,0.1900,0.1900,0.1850,0.1900,186600
DAYA,2011-12-14,0.1900,0.1950,0.1850,0.1850,650500
DAYA,2011-12-15,0.1850,0.1850,0.1850,0.1850,887900
DAYA,2011-12-16,0.1900,0.1900,0.1850,0.1850,300000
DAYA,2011-12-19,0.1850,0.1850,0.1850,0.1850,1143500
DAYA,2011-12-20,0.1850,0.1900,0.1850,0.1850,235000
DAYA,2011-12-21,0.1900,0.1900,0.1850,0.1850,1527600
DAYA,2011-12-22,0.1850,0.1850,0.1850,0.1850,346000
DAYA,2011-12-23,0.1900,0.1900,0.1850,0.1850,115000
DAYA,2011-12-27,0.1850,0.1900,0.1850,0.1850,436500
DAYA,2011-12-28,0.1900,0.1900,0.1800,0.1900,685000
DAYA,2011-12-29,0.1850,0.2000,0.1850,0.2000,5191600
DAYA,2011-12-30,0.2000,0.2000,0.1950,0.1950,2474500
DAYA,2012-01-03,0.2000,0.2000,0.1900,0.1950,1038100
DAYA,2012-01-04,0.1950,0.2000,0.1950,0.1950,750800
DAYA,2012-01-05,0.1950,0.2000,0.1950,0.2000,567400
DAYA,2012-01-06,0.2000,0.2000,0.1950,0.1950,992000
DAYA,2012-01-09,0.1950,0.1950,0.1900,0.1950,702100
DAYA,2012-01-10,0.1950,0.1950,0.1950,0.1950,912600
DAYA,2012-01-11,0.1950,0.2100,0.1950,0.2100,8257700
DAYA,2012-01-12,0.2100,0.2100,0.2000,0.2000,2767500
DAYA,2012-01-13,0.2000,0.2050,0.2000,0.2000,957000
DAYA,2012-01-16,0.2000,0.2000,0.1900,0.1950,1582000
DAYA,2012-01-17,0.1950,0.2000,0.1900,0.1950,1176200
DAYA,2012-01-18,0.1950,0.2000,0.1950,0.2000,870600
DAYA,2012-01-19,0.2000,0.2000,0.1950,0.1950,1465000
DAYA,2012-01-20,0.2000,0.2100,0.2000,0.2050,4439800
DAYA,2012-01-25,0.2050,0.2050,0.2000,0.2050,1245000
DAYA,2012-01-26,0.2050,0.2050,0.2000,0.2000,1710000
DAYA,2012-01-27,0.1950,0.2000,0.1950,0.2000,100000
DAYA,2012-01-30,0.2000,0.2000,0.1950,0.1950,2390000
DAYA,2012-01-31,0.1950,0.1950,0.1950,0.1950,1219000
DAYA,2012-02-02,0.1950,0.2000,0.1950,0.2000,2405500
DAYA,2012-02-03,0.2000,0.2050,0.2000,0.2050,2548800
DAYA,2012-02-08,0.2050,0.2100,0.2000,0.2050,5526200
DAYA,2012-02-09,0.2100,0.2200,0.2000,0.2200,11074600
DAYA,2012-02-10,0.2250,0.2400,0.2200,0.2200,29742300
DAYA,2012-02-13,0.2200,0.2300,0.2200,0.2250,5959100
DAYA,2012-02-14,0.2250,0.2250,0.2150,0.2150,4224200
DAYA,2012-02-15,0.2150,0.2200,0.2150,0.2200,3194900
DAYA,2012-02-16,0.2150,0.2250,0.2150,0.2250,8226500
DAYA,2012-02-17,0.2250,0.2300,0.2200,0.2200,4184500
DAYA,2012-02-20,0.2250,0.2250,0.2150,0.2200,4426200
DAYA,2012-02-21,0.2200,0.2200,0.2150,0.2150,3405000
DAYA,2012-02-22,0.2150,0.2150,0.2100,0.2100,2131300
DAYA,2012-02-23,0.2150,0.2150,0.2000,0.2050,3410500
DAYA,2012-02-24,0.2050,0.2050,0.2000,0.2000,1120000
DAYA,2012-02-27,0.2000,0.2050,0.2000,0.2000,5717000
DAYA,2012-02-28,0.2000,0.2050,0.2000,0.2000,1368100
DAYA,2012-02-29,0.2000,0.2000,0.2000,0.2000,1775000
DAYA,2012-03-01,0.2000,0.2000,0.1950,0.2000,711600
DAYA,2012-03-02,0.2000,0.2000,0.1950,0.1950,1562400
DAYA,2012-03-05,0.2000,0.2000,0.1950,0.1950,1192400
DAYA,2012-03-06,0.1950,0.1950,0.1950,0.1950,3034600
DAYA,2012-03-07,0.1900,0.1950,0.1900,0.1900,727000
DAYA,2012-03-08,0.1950,0.2000,0.1950,0.1950,671000
DAYA,2012-03-09,0.1950,0.1950,0.1950,0.1950,368600
DAYA,2012-03-12,0.1950,0.1950,0.1900,0.1950,970200
DAYA,2012-03-13,0.1950,0.1950,0.1900,0.1950,499200
DAYA,2012-03-14,0.1950,0.1950,0.1900,0.1950,1032500
DAYA,2012-03-15,0.1950,0.1950,0.1900,0.1900,216200
DAYA,2012-03-16,0.1900,0.1950,0.1900,0.1950,521000
DAYA,2012-03-19,0.1950,0.1950,0.1850,0.1900,2024800
DAYA,2012-03-20,0.1900,0.1900,0.1850,0.1850,492000
DAYA,2012-03-21,0.1900,0.1950,0.1900,0.1950,1416000
DAYA,2012-03-22,0.2050,0.2150,0.2000,0.2000,10680100
DAYA,2012-03-23,0.2000,0.2050,0.1950,0.1950,1011400
DAYA,2012-03-26,0.1950,0.2000,0.1900,0.1900,961500
DAYA,2012-03-27,0.1900,0.1950,0.1900,0.1950,1471500
DAYA,2012-03-28,0.1900,0.1900,0.1900,0.1900,1660200
DAYA,2012-03-29,0.1900,0.1900,0.1900,0.1900,730000
DAYA,2012-03-30,0.1900,0.1900,0.1900,0.1900,637000
DAYA,2012-04-02,0.1900,0.1950,0.1900,0.1900,985000
DAYA,2012-04-03,0.1900,0.1900,0.1900,0.1900,870900
DAYA,2012-04-04,0.1900,0.1950,0.1900,0.1950,2086300
DAYA,2012-04-05,0.1950,0.1950,0.1900,0.1900,85500
DAYA,2012-04-06,0.1950,0.1950,0.1900,0.1950,198000
DAYA,2012-04-09,0.1950,0.2000,0.1950,0.1950,1126300
DAYA,2012-04-10,0.2000,0.2000,0.1950,0.2000,280500
DAYA,2012-04-12,0.2000,0.2000,0.1950,0.2000,2455400
DAYA,2012-04-13,0.2000,0.2000,0.1950,0.2000,3247300
DAYA,2012-04-16,0.2000,0.2000,0.2000,0.2000,1360400
DAYA,2012-04-17,0.2000,0.2000,0.1950,0.1950,1069500
DAYA,2012-04-18,0.2000,0.2050,0.2000,0.2000,2283400
DAYA,2012-04-19,0.2050,0.2100,0.2050,0.2050,6117500
DAYA,2012-04-20,0.2050,0.2050,0.2000,0.2050,2161500
DAYA,2012-04-23,0.2100,0.2100,0.2050,0.2050,2163900
DAYA,2012-04-24,0.2050,0.2100,0.2050,0.2050,2398100
DAYA,2012-04-25,0.2050,0.2100,0.2050,0.2100,2826000
DAYA,2012-04-26,0.2100,0.2150,0.2100,0.2100,3202900
DAYA,2012-04-27,0.2100,0.2350,0.2100,0.2300,41818600
DAYA,2012-04-30,0.2250,0.2300,0.2150,0.2250,12520700
DAYA,2012-05-02,0.2200,0.2350,0.2200,0.2300,11712600
DAYA,2012-05-03,0.2300,0.2300,0.2100,0.2200,26583800
DAYA,2012-05-04,0.2250,0.2250,0.2100,0.2100,8383200
DAYA,2012-05-07,0.2100,0.2100,0.2050,0.2100,5280800
DAYA,2012-05-08,0.2100,0.2150,0.2050,0.2100,6151800
DAYA,2012-05-09,0.2100,0.2100,0.2000,0.2050,9586600
DAYA,2012-05-10,0.2050,0.2100,0.2050,0.2050,1451700
DAYA,2012-05-11,0.2050,0.2100,0.2000,0.2000,6432600
DAYA,2012-05-14,0.2050,0.2200,0.2050,0.2100,12028900
DAYA,2012-05-15,0.2050,0.2100,0.2050,0.2100,3086000
DAYA,2012-05-16,0.2100,0.2100,0.2000,0.2050,2402000
DAYA,2012-05-17,0.2000,0.2050,0.2000,0.2000,941000
DAYA,2012-05-18,0.2000,0.2000,0.1950,0.1950,1454200
DAYA,2012-05-21,0.2000,0.2000,0.1950,0.2000,1782500
DAYA,2012-05-22,0.2000,0.2050,0.2000,0.2050,1778200
DAYA,2012-05-23,0.2000,0.2000,0.1950,0.2000,1023900
DAYA,2012-05-24,0.2000,0.2000,0.2000,0.2000,3148000
DAYA,2012-05-25,0.2000,0.2000,0.1950,0.2000,610000
DAYA,2012-05-28,0.2000,0.2000,0.1950,0.2000,704100
DAYA,2012-05-29,0.2000,0.2000,0.2000,0.2000,602300
DAYA,2012-05-30,0.2000,0.2000,0.2000,0.2000,870300
DAYA,2012-05-31,0.2000,0.2050,0.2000,0.2000,858900
DAYA,2012-06-01,0.2000,0.2000,0.2000,0.2000,342000
DAYA,2012-06-04,0.2000,0.2000,0.1900,0.1950,1742100
DAYA,2012-06-05,0.2000,0.2000,0.1950,0.1950,574700
DAYA,2012-06-06,0.2000,0.2050,0.1950,0.2050,1327900
DAYA,2012-06-07,0.2050,0.2050,0.2000,0.2000,1495100
DAYA,2012-06-08,0.2000,0.2050,0.2000,0.2000,1033200
DAYA,2012-06-11,0.2050,0.2050,0.2000,0.2000,1041900
DAYA,2012-06-12,0.2000,0.2000,0.1950,0.1950,188000
DAYA,2012-06-13,0.2000,0.2000,0.1950,0.1950,853000
DAYA,2012-06-14,0.2000,0.2000,0.1950,0.2000,695000
DAYA,2012-06-15,0.2000,0.2000,0.1950,0.1950,419000
DAYA,2012-06-18,0.1950,0.1950,0.1950,0.1950,980000
DAYA,2012-06-19,0.2000,0.2000,0.1950,0.2000,103900
DAYA,2012-06-20,0.1950,0.2050,0.1950,0.2050,2805900
DAYA,2012-06-21,0.2000,0.2000,0.2000,0.2000,1023000
DAYA,2012-06-22,0.2000,0.2050,0.1950,0.1950,2374600
DAYA,2012-06-25,0.2000,0.2000,0.1950,0.1950,305600
DAYA,2012-06-26,0.1950,0.2000,0.1950,0.1950,817500
DAYA,2012-06-27,0.2000,0.2000,0.1950,0.1950,838800
DAYA,2012-06-28,0.2000,0.2000,0.1950,0.1950,555000
DAYA,2012-06-29,0.1950,0.2000,0.1950,0.2000,524800
DAYA,2012-07-02,0.2000,0.2000,0.1950,0.1950,354300
DAYA,2012-07-03,0.1950,0.2000,0.1950,0.1950,710500
DAYA,2012-07-04,0.1950,0.2000,0.1950,0.2000,1384900
DAYA,2012-07-05,0.2000,0.2000,0.1950,0.1950,741100
DAYA,2012-07-06,0.1950,0.2000,0.1950,0.1950,736000
DAYA,2012-07-09,0.1950,0.2000,0.1950,0.1950,1040000
DAYA,2012-07-10,0.1950,0.2000,0.1950,0.1950,941500
DAYA,2012-07-11,0.1950,0.2000,0.1950,0.2000,1495400
DAYA,2012-07-12,0.1950,0.2000,0.1950,0.2000,937000
DAYA,2012-07-13,0.1950,0.2000,0.1950,0.1950,282000
DAYA,2012-07-16,0.1950,0.2000,0.1950,0.1950,555500
DAYA,2012-07-17,0.1950,0.2000,0.1950,0.1950,475100
DAYA,2012-07-18,0.2000,0.2000,0.1950,0.1950,725800
DAYA,2012-07-19,0.1950,0.2000,0.1950,0.1950,1298900
DAYA,2012-07-20,0.2000,0.2000,0.1950,0.1950,536000
DAYA,2012-07-23,0.1950,0.1950,0.1950,0.1950,317000
DAYA,2012-07-24,0.1950,0.2000,0.1950,0.1950,1677200
DAYA,2012-07-25,0.2000,0.2000,0.1950,0.1950,710700
DAYA,2012-07-26,0.2000,0.2000,0.1950,0.1950,887000
DAYA,2012-07-27,0.1950,0.2100,0.1950,0.2050,18150500
DAYA,2012-07-30,0.2050,0.2150,0.2050,0.2100,6092200
DAYA,2012-07-31,0.2100,0.2150,0.2000,0.2050,9461200
DAYA,2012-08-01,0.2000,0.2000,0.1950,0.1950,2204000
DAYA,2012-08-02,0.2000,0.2000,0.1950,0.1950,5756900
DAYA,2012-08-03,0.1950,0.2000,0.1950,0.1950,1377000
DAYA,2012-08-06,0.1950,0.2000,0.1950,0.1950,2462700
DAYA,2012-08-07,0.1950,0.1950,0.1950,0.1950,446500
DAYA,2012-08-08,0.1950,0.1950,0.1950,0.1950,2998100
DAYA,2012-08-09,0.1950,0.2000,0.1950,0.1950,445200
DAYA,2012-08-10,0.1950,0.2000,0.1950,0.1950,850000
DAYA,2012-08-13,0.2000,0.2050,0.2000,0.2050,2112200
DAYA,2012-08-14,0.2000,0.2050,0.2000,0.2050,771000
DAYA,2012-08-15,0.2000,0.2000,0.2000,0.2000,1116700
DAYA,2012-08-16,0.2000,0.2050,0.1950,0.2000,915000
DAYA,2012-08-17,0.1950,0.2000,0.1950,0.1950,5372100
DAYA,2012-08-22,0.1950,0.2000,0.1950,0.2000,490300
DAYA,2012-08-23,0.2000,0.2050,0.2000,0.2000,7703300
DAYA,2012-08-24,0.2000,0.2000,0.2000,0.2000,464900
DAYA,2012-08-27,0.2000,0.2050,0.1950,0.1950,934000
DAYA,2012-08-28,0.2000,0.2050,0.1950,0.2050,2169500
DAYA,2012-08-29,0.2000,0.2000,0.1950,0.2000,1894500
DAYA,2012-08-30,0.2000,0.2000,0.1950,0.2000,1897000
DAYA,2012-09-03,0.2000,0.2000,0.1950,0.1950,1367900
DAYA,2012-09-04,0.2000,0.2000,0.1950,0.1950,722500
DAYA,2012-09-05,0.1950,0.1950,0.1900,0.1950,3495700
DAYA,2012-09-06,0.1950,0.1950,0.1900,0.1950,2292000
DAYA,2012-09-07,0.1950,0.1950,0.1900,0.1950,291000
DAYA,2012-09-10,0.2000,0.2000,0.1900,0.1900,1151800
DAYA,2012-09-11,0.1900,0.1950,0.1850,0.1850,1665000
DAYA,2012-09-12,0.1900,0.2000,0.1850,0.2000,3404500
DAYA,2012-09-13,0.1950,0.2000,0.1950,0.2000,1830000
DAYA,2012-09-14,0.1950,0.2000,0.1950,0.2000,2125100
DAYA,2012-09-18,0.1950,0.2000,0.1950,0.2000,1745100
DAYA,2012-09-19,0.1950,0.2000,0.1950,0.1950,355100
DAYA,2012-09-20,0.1950,0.1950,0.1900,0.1950,551000
DAYA,2012-09-21,0.1950,0.1950,0.1900,0.1950,550200
DAYA,2012-09-24,0.1950,0.1950,0.1900,0.1900,1614900
DAYA,2012-09-25,0.1900,0.1900,0.1900,0.1900,356000
DAYA,2012-09-26,0.1900,0.1950,0.1900,0.1950,645100
DAYA,2012-09-27,0.1900,0.1950,0.1900,0.1900,760000
DAYA,2012-09-28,0.1900,0.1900,0.1900,0.1900,826700
DAYA,2012-10-01,0.1900,0.1900,0.1900,0.1900,374000
DAYA,2012-10-02,0.1900,0.1900,0.1850,0.1900,546000
DAYA,2012-10-03,0.1900,0.1900,0.1900,0.1900,361000
DAYA,2012-10-04,0.1900,0.1900,0.1850,0.1900,781000
DAYA,2012-10-05,0.1900,0.1900,0.1900,0.1900,1065000
DAYA,2012-10-08,0.1900,0.1900,0.1900,0.1900,662000
DAYA,2012-10-09,0.1900,0.1900,0.1900,0.1900,643000
DAYA,2012-10-10,0.1900,0.1900,0.1900,0.1900,914000
DAYA,2012-10-11,0.1900,0.1900,0.1900,0.1900,620000
DAYA,2012-10-12,0.1900,0.2000,0.1900,0.1950,2746700
DAYA,2012-10-15,0.1950,0.1950,0.1900,0.1900,576000
DAYA,2012-10-16,0.1950,0.1950,0.1900,0.1950,2197300
DAYA,2012-10-17,0.2000,0.2000,0.1950,0.1950,1233700
DAYA,2012-10-18,0.2000,0.2050,0.2000,0.2050,12284100
DAYA,2012-10-19,0.2050,0.2100,0.2000,0.2050,4282600
DAYA,2012-10-22,0.2000,0.2050,0.2000,0.2050,2480300
DAYA,2012-10-23,0.2050,0.2050,0.2000,0.2000,1504000
DAYA,2012-10-24,0.2050,0.2100,0.2000,0.2050,3180500
DAYA,2012-10-25,0.2050,0.2100,0.2000,0.2050,7770300
DAYA,2012-10-29,0.2100,0.2100,0.1950,0.2000,2469000
DAYA,2012-10-30,0.2000,0.2000,0.2000,0.2000,552800
DAYA,2012-10-31,0.2000,0.2050,0.1950,0.2000,1646500
DAYA,2012-11-01,0.2050,0.2050,0.1950,0.1950,3776000
DAYA,2012-11-02,0.1950,0.2000,0.1950,0.2000,315600
DAYA,2012-11-05,0.1950,0.2000,0.1950,0.2000,1722600
DAYA,2012-11-06,0.1950,0.1950,0.1950,0.1950,378400
DAYA,2012-11-07,0.1950,0.1950,0.1900,0.1900,1178500
DAYA,2012-11-08,0.1900,0.1950,0.1900,0.1950,637000
DAYA,2012-11-09,0.1900,0.1950,0.1900,0.1900,671000
DAYA,2012-11-12,0.1900,0.1950,0.1850,0.1850,2578500
DAYA,2012-11-14,0.1850,0.1900,0.1850,0.1900,593000
DAYA,2012-11-16,0.1850,0.1900,0.1850,0.1900,360000
DAYA,2012-11-19,0.1900,0.1950,0.1850,0.1900,886400
DAYA,2012-11-20,0.1900,0.2000,0.1900,0.1900,4403600
DAYA,2012-11-21,0.1900,0.1950,0.1900,0.1900,1198300
DAYA,2012-11-22,0.1950,0.1950,0.1850,0.1900,625700
DAYA,2012-11-23,0.1900,0.1950,0.1850,0.1850,871000
DAYA,2012-11-26,0.1900,0.1900,0.1850,0.1900,795000
DAYA,2012-11-27,0.1900,0.1900,0.1850,0.1900,1138700
DAYA,2012-11-28,0.1850,0.1900,0.1850,0.1900,3959900
DAYA,2012-11-29,0.1900,0.1900,0.1850,0.1850,725000
DAYA,2012-11-30,0.1850,0.1850,0.1800,0.1850,1283300
DAYA,2012-12-03,0.1800,0.1850,0.1800,0.1850,375000
DAYA,2012-12-04,0.1800,0.1850,0.1800,0.1850,1403200
DAYA,2012-12-05,0.1800,0.1800,0.1800,0.1800,151500
DAYA,2012-12-06,0.1850,0.1900,0.1850,0.1900,3991500
DAYA,2012-12-07,0.1850,0.1850,0.1850,0.1850,448000
DAYA,2012-12-10,0.1850,0.1850,0.1800,0.1850,866100
DAYA,2012-12-11,0.1800,0.1850,0.1800,0.1800,479000
DAYA,2012-12-12,0.1800,0.1850,0.1800,0.1800,810800
DAYA,2012-12-13,0.1800,0.1800,0.1800,0.1800,645000
DAYA,2012-12-14,0.1800,0.1850,0.1800,0.1850,832200
DAYA,2012-12-17,0.1850,0.1850,0.1800,0.1850,269000
DAYA,2012-12-18,0.1850,0.1850,0.1800,0.1800,1074800
DAYA,2012-12-19,0.1800,0.1850,0.1800,0.1850,623400
DAYA,2012-12-20,0.1800,0.1850,0.1800,0.1850,402000
DAYA,2012-12-21,0.1800,0.1850,0.1800,0.1850,701100
DAYA,2012-12-24,0.1800,0.1850,0.1800,0.1850,1081900
DAYA,2012-12-26,0.1800,0.1850,0.1800,0.1850,558900
DAYA,2012-12-27,0.1800,0.1850,0.1800,0.1800,3266600
DAYA,2012-12-28,0.1800,0.1800,0.1800,0.1800,954400
DAYA,2012-12-31,0.1800,0.1850,0.1750,0.1850,782800
DAYA,2013-01-02,0.1850,0.1850,0.1800,0.1800,1222100
DAYA,2013-01-03,0.1800,0.1800,0.1800,0.1800,211100
DAYA,2013-01-04,0.1800,0.1850,0.1800,0.1800,570100
DAYA,2013-01-07,0.1850,0.1850,0.1800,0.1800,559200
DAYA,2013-01-08,0.1850,0.1900,0.1800,0.1900,5171800
DAYA,2013-01-09,0.1900,0.1900,0.1850,0.1850,1614300
DAYA,2013-01-10,0.1900,0.1950,0.1900,0.1950,3374600
DAYA,2013-01-11,0.1950,0.1950,0.1900,0.1900,1152000
DAYA,2013-01-14,0.1900,0.1950,0.1900,0.1950,1076000
DAYA,2013-01-15,0.1950,0.1950,0.1900,0.1900,1222000
DAYA,2013-01-16,0.1900,0.2100,0.1900,0.2050,20284900
DAYA,2013-01-17,0.2050,0.2200,0.2050,0.2150,27746700
DAYA,2013-01-18,0.2150,0.2200,0.2100,0.2150,18204300
DAYA,2013-01-21,0.2200,0.2350,0.2150,0.2250,77637700
DAYA,2013-01-22,0.2250,0.2300,0.2150,0.2250,17836800
DAYA,2013-01-23,0.2200,0.2300,0.2150,0.2200,9824400
DAYA,2013-01-25,0.2150,0.2200,0.2100,0.2150,8076900
DAYA,2013-01-29,0.2200,0.2250,0.2150,0.2200,19414000
DAYA,2013-01-30,0.2200,0.2250,0.2150,0.2150,5636800
DAYA,2013-01-31,0.2150,0.2150,0.2100,0.2150,2281000
DAYA,2013-02-04,0.2150,0.2300,0.2150,0.2250,10807700
DAYA,2013-02-05,0.2250,0.2300,0.2150,0.2200,11989800
DAYA,2013-02-06,0.2200,0.2250,0.2100,0.2100,6326200
DAYA,2013-02-07,0.2100,0.2150,0.2100,0.2150,1600100
DAYA,2013-02-08,0.2150,0.2150,0.2100,0.2150,843000
DAYA,2013-02-13,0.2200,0.2200,0.2100,0.2100,1466100
DAYA,2013-02-14,0.2150,0.2150,0.2100,0.2150,852000
DAYA,2013-02-15,0.2100,0.2200,0.2100,0.2150,2840700
DAYA,2013-02-18,0.2150,0.2150,0.2100,0.2100,431000
DAYA,2013-02-19,0.2100,0.2150,0.2100,0.2100,1225600
DAYA,2013-02-20,0.2100,0.2150,0.2100,0.2150,2103100
DAYA,2013-02-21,0.2100,0.2100,0.2050,0.2050,4576300
DAYA,2013-02-22,0.2000,0.2100,0.2000,0.2050,1572200
DAYA,2013-02-25,0.2050,0.2050,0.2000,0.2000,3395900
DAYA,2013-02-26,0.1950,0.2000,0.1950,0.1950,1770300
DAYA,2013-02-27,0.1950,0.2000,0.1950,0.2000,616300
DAYA,2013-02-28,0.2000,0.2050,0.2000,0.2000,1744900
DAYA,2013-03-01,0.2050,0.2050,0.1950,0.2000,1475100
DAYA,2013-03-04,0.1950,0.2000,0.1950,0.1950,642900
DAYA,2013-03-05,0.1950,0.2000,0.1950,0.1950,879900
DAYA,2013-03-06,0.2000,0.2100,0.2000,0.2050,1691200
DAYA,2013-03-07,0.2050,0.2050,0.2000,0.2000,2349900
DAYA,2013-03-08,0.2000,0.2050,0.2000,0.2050,849100
DAYA,2013-03-11,0.2000,0.2000,0.1950,0.1950,1050000
DAYA,2013-03-12,0.2000,0.2000,0.1950,0.2000,1285000
DAYA,2013-03-13,0.2000,0.2050,0.2000,0.2000,650900
DAYA,2013-03-14,0.2000,0.2050,0.2000,0.2000,1061800
DAYA,2013-03-15,0.2000,0.2050,0.1950,0.2050,2957100
DAYA,2013-03-18,0.2100,0.2150,0.2050,0.2100,8274700
DAYA,2013-03-19,0.2100,0.2100,0.2100,0.2100,498600
DAYA,2013-03-20,0.2100,0.2150,0.2050,0.2100,4249100
DAYA,2013-03-21,0.2100,0.2200,0.2100,0.2150,9598400
DAYA,2013-03-22,0.2150,0.2150,0.2050,0.2100,5421500
DAYA,2013-03-25,0.2100,0.2150,0.2100,0.2150,1225700
DAYA,2013-03-26,0.2150,0.2150,0.2000,0.2050,4658100
DAYA,2013-03-27,0.2050,0.2100,0.2050,0.2050,2387100
DAYA,2013-03-28,0.2100,0.2100,0.2050,0.2100,2750000
DAYA,2013-03-29,0.2100,0.2100,0.2050,0.2050,1733100
DAYA,2013-04-01,0.2050,0.2050,0.2000,0.2000,1160800
DAYA,2013-04-02,0.2000,0.2100,0.2000,0.2050,1508300
DAYA,2013-04-03,0.2100,0.2100,0.2000,0.2050,3110900
DAYA,2013-04-04,0.2050,0.2100,0.2050,0.2050,2693000
DAYA,2013-04-05,0.2050,0.2100,0.2050,0.2100,2435200
DAYA,2013-04-08,0.2100,0.2150,0.2100,0.2100,5822000
DAYA,2013-04-09,0.2100,0.2250,0.2100,0.2150,18127500
DAYA,2013-04-10,0.2200,0.2200,0.2150,0.2150,5048500
DAYA,2013-04-11,0.2150,0.2200,0.2100,0.2150,1552900
DAYA,2013-04-12,0.2150,0.2150,0.2100,0.2100,2188900
DAYA,2013-04-15,0.2100,0.2100,0.2050,0.2050,4020500
DAYA,2013-04-16,0.2050,0.2100,0.2000,0.2050,2543900
DAYA,2013-04-17,0.2050,0.2100,0.2050,0.2100,1012400
DAYA,2013-04-18,0.2100,0.2100,0.2050,0.2050,471600
DAYA,2013-04-19,0.2050,0.2100,0.2000,0.2050,2941200
DAYA,2013-04-22,0.2050,0.2050,0.2000,0.2050,618000
DAYA,2013-04-23,0.2000,0.2050,0.2000,0.2000,1204700
DAYA,2013-04-24,0.2000,0.2050,0.2000,0.2000,1332000
DAYA,2013-04-25,0.2000,0.2050,0.2000,0.2000,1270600
DAYA,2013-04-26,0.2050,0.2050,0.2000,0.2000,1281400
DAYA,2013-04-29,0.2050,0.2050,0.2000,0.2000,575300
DAYA,2013-04-30,0.2000,0.2050,0.2000,0.2000,3783500
DAYA,2013-05-02,0.2000,0.2000,0.1950,0.2000,813000
DAYA,2013-05-03,0.2000,0.2100,0.2000,0.2000,5950700
DAYA,2013-05-06,0.2050,0.2150,0.2050,0.2050,5856100
DAYA,2013-05-07,0.2100,0.2250,0.2100,0.2150,27049000
DAYA,2013-05-08,0.2200,0.2200,0.2100,0.2150,15143500
DAYA,2013-05-09,0.2150,0.2250,0.2100,0.2150,22462300
DAYA,2013-05-10,0.2200,0.2250,0.2150,0.2200,14334400
DAYA,2013-05-13,0.2250,0.2300,0.2250,0.2250,14862300
DAYA,2013-05-14,0.2250,0.2300,0.2200,0.2250,20377400
DAYA,2013-05-15,0.2300,0.2300,0.2250,0.2250,11419800
DAYA,2013-05-16,0.2250,0.2300,0.2250,0.2250,11475300
DAYA,2013-05-17,0.2250,0.2600,0.2250,0.2450,105398200
DAYA,2013-05-20,0.2550,0.2700,0.2500,0.2650,112069100
DAYA,2013-05-21,0.2700,0.2800,0.2650,0.2650,80494000
DAYA,2013-05-22,0.2700,0.2700,0.2550,0.2550,42527700
DAYA,2013-05-23,0.2550,0.2650,0.2450,0.2500,41601800
DAYA,2013-05-27,0.2550,0.2700,0.2550,0.2650,47592600
DAYA,2013-05-28,0.2700,0.2750,0.2650,0.2700,50116900
DAYA,2013-05-29,0.2750,0.2800,0.2700,0.2700,37919400
DAYA,2013-05-30,0.2700,0.2700,0.2650,0.2700,10204500
DAYA,2013-05-31,0.2700,0.2750,0.2600,0.2650,23009000
DAYA,2013-06-03,0.2650,0.2650,0.2550,0.2600,14910800
DAYA,2013-06-04,0.2600,0.2700,0.2550,0.2650,25169100
DAYA,2013-06-05,0.2650,0.2650,0.2550,0.2600,7273100
DAYA,2013-06-06,0.2550,0.2600,0.2500,0.2550,8380700
DAYA,2013-06-07,0.2550,0.2600,0.2500,0.2600,13110700
DAYA,2013-06-10,0.2600,0.2650,0.2550,0.2650,22865200
DAYA,2013-06-11,0.2650,0.2750,0.2600,0.2650,27426300
DAYA,2013-06-12,0.2650,0.2650,0.2600,0.2600,4941100
DAYA,2013-06-13,0.2600,0.2600,0.2550,0.2550,7561500
DAYA,2013-06-14,0.2600,0.2600,0.2550,0.2550,7380800
DAYA,2013-06-17,0.2550,0.2600,0.2550,0.2550,4483000
DAYA,2013-06-18,0.2550,0.2600,0.2550,0.2550,4137000
DAYA,2013-06-19,0.2550,0.2600,0.2500,0.2500,6458400
DAYA,2013-06-20,0.2500,0.2550,0.2500,0.2500,10887600
DAYA,2013-06-21,0.2450,0.2500,0.2450,0.2500,4936300
DAYA,2013-06-24,0.2500,0.2500,0.2300,0.2300,17838600
DAYA,2013-06-25,0.2300,0.2350,0.2250,0.2350,12661100
DAYA,2013-06-26,0.2350,0.2400,0.2350,0.2400,3942500
DAYA,2013-06-27,0.2400,0.2450,0.2350,0.2350,8365700
DAYA,2013-06-28,0.2400,0.2450,0.2350,0.2400,5216500
DAYA,2013-07-01,0.2400,0.2400,0.2350,0.2400,1168500
DAYA,2013-07-02,0.2400,0.2400,0.2350,0.2350,2574100
DAYA,2013-07-03,0.2350,0.2350,0.2300,0.2300,1332100
DAYA,2013-07-04,0.2350,0.2400,0.2350,0.2400,4606800
DAYA,2013-07-05,0.2400,0.2450,0.2400,0.2400,3603900
DAYA,2013-07-08,0.2450,0.2550,0.2450,0.2500,10611600
DAYA,2013-07-09,0.2550,0.2550,0.2500,0.2500,3808300
DAYA,2013-07-10,0.2500,0.2500,0.2450,0.2450,2498200
DAYA,2013-07-11,0.2500,0.2500,0.2450,0.2500,2633800
DAYA,2013-07-12,0.2500,0.2550,0.2450,0.2500,3494900
DAYA,2013-07-15,0.2500,0.2500,0.2450,0.2500,7136300
DAYA,2013-07-16,0.2500,0.2550,0.2500,0.2500,2454100
DAYA,2013-07-17,0.2550,0.2600,0.2500,0.2600,7014000
DAYA,2013-07-18,0.2600,0.2600,0.2500,0.2550,4513800
DAYA,2013-07-19,0.2600,0.2700,0.2550,0.2650,17102900
DAYA,2013-07-22,0.2750,0.2800,0.2700,0.2700,35707900
DAYA,2013-07-23,0.2700,0.2750,0.2650,0.2650,12010000
DAYA,2013-07-24,0.2650,0.2650,0.2600,0.2650,4785700
DAYA,2013-07-25,0.2650,0.2700,0.2600,0.2650,7665800
DAYA,2013-07-26,0.2650,0.2700,0.2600,0.2650,6535400
DAYA,2013-07-29,0.2600,0.2650,0.2600,0.2600,7368400
DAYA,2013-07-30,0.2600,0.2600,0.2500,0.2600,4758300
DAYA,2013-07-31,0.2500,0.2550,0.2450,0.2500,7395700
DAYA,2013-08-01,0.2550,0.3150,0.2550,0.3100,152860400
DAYA,2013-08-02,0.3150,0.3200,0.3000,0.3000,70340900
DAYA,2013-08-05,0.3100,0.3350,0.3050,0.3300,110406300
DAYA,2013-08-06,0.3300,0.3350,0.3100,0.3100,61006700
DAYA,2013-08-12,0.3250,0.3500,0.3250,0.3400,50925300
DAYA,2013-08-13,0.3450,0.3550,0.3350,0.3500,69775700
DAYA,2013-08-14,0.3500,0.3500,0.3350,0.3400,37408500
DAYA,2013-08-15,0.3400,0.3450,0.3350,0.3350,14324800
DAYA,2013-08-16,0.3300,0.3400,0.3250,0.3350,31147500
DAYA,2013-08-19,0.3500,0.3550,0.3450,0.3550,60225100
DAYA,2013-08-20,0.3650,0.3650,0.3350,0.3450,110802200
DAYA,2013-08-21,0.3500,0.3550,0.3400,0.3450,27184700
DAYA,2013-08-22,0.3400,0.3400,0.3200,0.3350,46226600
DAYA,2013-08-23,0.3350,0.3400,0.3200,0.3200,29599100
DAYA,2013-08-26,0.3200,0.3250,0.3050,0.3050,31419100
DAYA,2013-08-27,0.3050,0.3050,0.2800,0.2850,54325800
DAYA,2013-08-28,0.2750,0.3050,0.2700,0.3000,54135000
DAYA,2013-08-29,0.3000,0.3150,0.3000,0.3100,24989400
DAYA,2013-08-30,0.3100,0.3150,0.2950,0.2950,20154300
DAYA,2013-09-02,0.3000,0.3000,0.2850,0.2950,11352700
DAYA,2013-09-03,0.2950,0.3100,0.2950,0.3050,19274900
DAYA,2013-09-04,0.3000,0.3050,0.2950,0.3050,17497100
DAYA,2013-09-05,0.3100,0.3200,0.3100,0.3150,29240300
DAYA,2013-09-06,0.3150,0.3200,0.3100,0.3150,17401500
DAYA,2013-09-09,0.3150,0.3200,0.3100,0.3200,10235900
DAYA,2013-09-10,0.3200,0.3250,0.3200,0.3200,17228800
DAYA,2013-09-11,0.3250,0.3250,0.3150,0.3150,17044500
DAYA,2013-09-12,0.3150,0.3200,0.3100,0.3150,12738500
DAYA,2013-09-13,0.3100,0.3150,0.3050,0.3050,5585800
DAYA,2013-09-17,0.3100,0.3200,0.3100,0.3100,6048900
DAYA,2013-09-18,0.3150,0.3200,0.3100,0.3100,8303100
DAYA,2013-09-19,0.3200,0.3250,0.3150,0.3250,12926600
DAYA,2013-09-20,0.3200,0.3350,0.3200,0.3200,51675500
DAYA,2013-09-23,0.3200,0.3250,0.3150,0.3200,12918500
DAYA,2013-09-24,0.3200,0.3300,0.3150,0.3250,15092100
DAYA,2013-09-25,0.3250,0.3300,0.3200,0.3200,8021300
DAYA,2013-09-26,0.3200,0.3300,0.3150,0.3200,17373100
DAYA,2013-09-27,0.3200,0.3350,0.3200,0.3250,29433600
DAYA,2013-09-30,0.3250,0.3300,0.3200,0.3200,7066200
DAYA,2013-10-01,0.3200,0.3300,0.3150,0.3250,13454000
DAYA,2013-10-02,0.3250,0.3250,0.3150,0.3200,7189300
DAYA,2013-10-03,0.3200,0.3200,0.3100,0.3150,9760700
DAYA,2013-10-04,0.3150,0.3250,0.3150,0.3250,9445100
DAYA,2013-10-07,0.3250,0.3250,0.3150,0.3150,5276000
DAYA,2013-10-08,0.3150,0.3150,0.3100,0.3150,7040800
DAYA,2013-10-09,0.3150,0.3150,0.3100,0.3100,3657400
DAYA,2013-10-10,0.3100,0.3300,0.3100,0.3250,24545200
DAYA,2013-10-11,0.3300,0.3300,0.3250,0.3250,14010800
DAYA,2013-10-14,0.3300,0.3300,0.3200,0.3200,4040500
DAYA,2013-10-16,0.3200,0.3250,0.3200,0.3250,2595200
DAYA,2013-10-17,0.3300,0.3500,0.3250,0.3450,65623300
DAYA,2013-10-18,0.3450,0.3450,0.3350,0.3400,14816700
DAYA,2013-10-21,0.3400,0.3450,0.3350,0.3350,6367100
DAYA,2013-10-22,0.3350,0.3700,0.3350,0.3650,76795900
DAYA,2013-10-23,0.3650,0.3650,0.3500,0.3550,26371200
DAYA,2013-10-24,0.3550,0.3550,0.3450,0.3550,12005200
DAYA,2013-10-25,0.3550,0.3650,0.3550,0.3550,11625900
DAYA,2013-10-28,0.3550,0.3600,0.3450,0.3450,8926600
DAYA,2013-10-29,0.3450,0.3700,0.3450,0.3650,24226700
DAYA,2013-10-30,0.3700,0.3900,0.3700,0.3850,65809900
DAYA,2013-10-31,0.3850,0.4100,0.3800,0.4000,84055800
DAYA,2013-11-01,0.4000,0.4100,0.3850,0.3900,44768100
DAYA,2013-11-04,0.3950,0.4000,0.3850,0.3900,17081900
DAYA,2013-11-06,0.3900,0.4000,0.3800,0.3800,29411500
DAYA,2013-11-07,0.3800,0.3850,0.3700,0.3750,35515000
DAYA,2013-11-08,0.3750,0.3950,0.3750,0.3900,62915900
DAYA,2013-11-11,0.3950,0.3950,0.3750,0.3750,49338800
DAYA,2013-11-12,0.3800,0.3800,0.3700,0.3700,16747900
DAYA,2013-11-13,0.3750,0.3800,0.3650,0.3650,32073700
DAYA,2013-11-14,0.3650,0.3700,0.3650,0.3650,15197800
DAYA,2013-11-15,0.3700,0.3750,0.3650,0.3650,23700800
DAYA,2013-11-18,0.3700,0.3700,0.3600,0.3600,10211100
DAYA,2013-11-19,0.3600,0.3650,0.3550,0.3600,14589700
DAYA,2013-11-20,0.3650,0.3750,0.3650,0.3700,22758800
DAYA,2013-11-21,0.3700,0.3700,0.3600,0.3650,10445800
DAYA,2013-11-22,0.3650,0.3650,0.3550,0.3600,8894700
DAYA,2013-11-25,0.3600,0.3600,0.3550,0.3600,8658100
DAYA,2013-11-26,0.3600,0.3600,0.3550,0.3550,6830000
DAYA,2013-11-27,0.3600,0.3900,0.3600,0.3800,50474600
DAYA,2013-11-28,0.3800,0.3900,0.3750,0.3750,17352500
DAYA,2013-11-29,0.3800,0.3850,0.3750,0.3800,18136600
DAYA,2013-12-02,0.3800,0.3800,0.3650,0.3700,7803900
DAYA,2013-12-03,0.3700,0.3750,0.3650,0.3700,4625800
DAYA,2013-12-04,0.3750,0.3800,0.3650,0.3750,10756500
DAYA,2013-12-05,0.3750,0.3800,0.3700,0.3750,5446700
DAYA,2013-12-06,0.3800,0.3800,0.3700,0.3800,6086700
DAYA,2013-12-09,0.3800,0.3800,0.3700,0.3800,11648900
DAYA,2013-12-10,0.3750,0.3800,0.3700,0.3800,7464000
DAYA,2013-12-11,0.3800,0.3800,0.3700,0.3750,7204300
DAYA,2013-12-12,0.3700,0.3750,0.3650,0.3700,6663200
DAYA,2013-12-13,0.3700,0.3750,0.3650,0.3750,6306600
DAYA,2013-12-16,0.3700,0.3750,0.3650,0.3700,16117500
DAYA,2013-12-17,0.3750,0.4000,0.3700,0.3850,54627600
DAYA,2013-12-18,0.4000,0.4000,0.3900,0.3900,28643500
DAYA,2013-12-19,0.3950,0.4150,0.3950,0.4000,67638400
DAYA,2013-12-20,0.4000,0.4000,0.3850,0.3900,36483600
DAYA,2013-12-23,0.3850,0.4000,0.3800,0.3800,30617400
DAYA,2013-12-24,0.3850,0.3900,0.3750,0.3800,21636100
DAYA,2013-12-26,0.3850,0.3900,0.3700,0.3750,23725100
DAYA,2013-12-27,0.3800,0.3800,0.3750,0.3750,4864700
DAYA,2013-12-30,0.3800,0.3800,0.3750,0.3800,16662500
DAYA,2013-12-31,0.3800,0.3800,0.3750,0.3750,8979300
DAYA,2014-01-02,0.3750,0.3800,0.3700,0.3700,10915500
DAYA,2014-01-03,0.3700,0.3750,0.3650,0.3700,16530400
DAYA,2014-01-06,0.3750,0.3900,0.3750,0.3900,47545600
DAYA,2014-01-07,0.3900,0.3900,0.3800,0.3800,11174700
DAYA,2014-01-08,0.3850,0.3900,0.3850,0.3900,20019800
DAYA,2014-01-09,0.3900,0.3950,0.3800,0.3800,16363200
DAYA,2014-01-10,0.3850,0.3900,0.3850,0.3850,21616700
DAYA,2014-01-13,0.3900,0.4050,0.3850,0.4050,57204400
DAYA,2014-01-15,0.4050,0.4350,0.4050,0.4100,122692300
DAYA,2014-01-16,0.4200,0.4250,0.4000,0.4100,37123600
DAYA,2014-01-20,0.4100,0.4100,0.3950,0.3950,33741700
DAYA,2014-01-21,0.4000,0.4100,0.4000,0.4000,32311500
DAYA,2014-01-22,0.4000,0.4100,0.3950,0.4000,20945900
DAYA,2014-01-23,0.4050,0.4050,0.3950,0.3950,9462200
DAYA,2014-01-24,0.4000,0.4200,0.3950,0.4100,43981700
DAYA,2014-01-27,0.4000,0.4050,0.3900,0.3950,38721100
DAYA,2014-01-28,0.3950,0.4000,0.3950,0.3950,7771200
DAYA,2014-01-29,0.4000,0.4050,0.3950,0.3950,11785200
DAYA,2014-01-30,0.3950,0.4050,0.3950,0.4050,12746500
DAYA,2014-02-04,0.3950,0.4000,0.3900,0.3950,8107000
DAYA,2014-02-05,0.4000,0.4100,0.3950,0.4050,14973600
DAYA,2014-02-06,0.4050,0.4200,0.4050,0.4150,28173400
DAYA,2014-02-07,0.4150,0.4200,0.4100,0.4150,12626800
DAYA,2014-02-10,0.4150,0.4200,0.4150,0.4150,13447000
DAYA,2014-02-11,0.4150,0.4300,0.4150,0.4200,35421100
DAYA,2014-02-12,0.4200,0.4250,0.4150,0.4200,20912400
DAYA,2014-02-13,0.4200,0.4250,0.4150,0.4150,19159200
DAYA,2014-02-14,0.4150,0.4300,0.4150,0.4250,33908300
DAYA,2014-02-17,0.4250,0.4450,0.4250,0.4400,61677000
DAYA,2014-02-18,0.4400,0.4400,0.4200,0.4250,30932900
DAYA,2014-02-19,0.4250,0.4300,0.4200,0.4300,13055600
DAYA,2014-02-20,0.4300,0.4350,0.4200,0.4300,20715700
DAYA,2014-02-21,0.4300,0.4350,0.4250,0.4250,18979000
DAYA,2014-02-24,0.4300,0.4550,0.4300,0.4500,74131400
DAYA,2014-02-25,0.4500,0.4500,0.4300,0.4350,46579900
DAYA,2014-02-26,0.4400,0.4400,0.4300,0.4300,22961000
DAYA,2014-02-27,0.4300,0.4350,0.4250,0.4250,24209000
DAYA,2014-02-28,0.4250,0.4250,0.4050,0.4050,65016000
DAYA,2014-03-03,0.3850,0.3850,0.3650,0.3650,78538700
DAYA,2014-03-04,0.3600,0.3700,0.3500,0.3600,91799600
DAYA,2014-03-05,0.3600,0.3700,0.3550,0.3550,84395600
DAYA,2014-03-06,0.3600,0.3650,0.3550,0.3550,44611000
DAYA,2014-03-07,0.3600,0.3600,0.3500,0.3500,30276600
DAYA,2014-03-10,0.3500,0.3500,0.3300,0.3400,44316100
DAYA,2014-03-11,0.3350,0.3400,0.3150,0.3250,49794300
DAYA,2014-03-12,0.3200,0.3450,0.3150,0.3400,53038800
DAYA,2014-03-13,0.3400,0.3400,0.3300,0.3350,15078400
DAYA,2014-03-14,0.3300,0.3400,0.3250,0.3300,18695600
DAYA,2014-03-17,0.3350,0.3350,0.3250,0.3250,14254600
DAYA,2014-03-18,0.3300,0.3300,0.3200,0.3200,10403600
DAYA,2014-03-19,0.3250,0.3300,0.3200,0.3300,8700900
DAYA,2014-03-20,0.3300,0.3300,0.3200,0.3200,6972500
DAYA,2014-03-21,0.3250,0.3300,0.3200,0.3250,20998300
DAYA,2014-03-24,0.3250,0.3400,0.3250,0.3350,30089300
DAYA,2014-03-25,0.3400,0.3400,0.3250,0.3300,9314200
DAYA,2014-03-26,0.3300,0.3350,0.3250,0.3300,7648300
DAYA,2014-03-27,0.3300,0.3300,0.3200,0.3250,10945000
DAYA,2014-03-28,0.3250,0.3250,0.3100,0.3200,25417700
DAYA,2014-03-31,0.3200,0.3200,0.3100,0.3150,3835400
DAYA,2014-04-01,0.3150,0.3200,0.3150,0.3150,4783800
DAYA,2014-04-02,0.3150,0.3250,0.3150,0.3200,22516900
DAYA,2014-04-03,0.3200,0.3250,0.3150,0.3150,9690200
DAYA,2014-04-04,0.3150,0.3200,0.3100,0.3200,15323800
DAYA,2014-04-07,0.3150,0.3200,0.3150,0.3150,8628400
DAYA,2014-04-08,0.3200,0.3200,0.3150,0.3150,6225000
DAYA,2014-04-09,0.3150,0.3200,0.3150,0.3150,3468600
DAYA,2014-04-10,0.3200,0.3250,0.3150,0.3200,12971300
DAYA,2014-04-11,0.3200,0.3400,0.3150,0.3300,60602300
DAYA,2014-04-14,0.3350,0.3400,0.3300,0.3350,12076000
DAYA,2014-04-15,0.3400,0.3400,0.3300,0.3300,8350900
DAYA,2014-04-16,0.3300,0.3400,0.3250,0.3350,11265900
DAYA,2014-04-17,0.3350,0.3400,0.3250,0.3250,12556700
DAYA,2014-04-18,0.3250,0.3300,0.3200,0.3200,6539500
DAYA,2014-04-21,0.3250,0.3300,0.3250,0.3250,5175800
DAYA,2014-04-22,0.3300,0.3400,0.3250,0.3400,29304600
DAYA,2014-04-23,0.3400,0.3400,0.3300,0.3300,7687200
DAYA,2014-04-24,0.3300,0.3300,0.3250,0.3300,7804100
DAYA,2014-04-25,0.3350,0.3350,0.3250,0.3300,2522200
DAYA,2014-04-28,0.3250,0.3350,0.3200,0.3250,10526200
DAYA,2014-04-29,0.3300,0.3400,0.3200,0.3350,23290000
DAYA,2014-04-30,0.3350,0.3400,0.3300,0.3350,9990700
DAYA,2014-05-02,0.3300,0.3450,0.3300,0.3450,17617000
DAYA,2014-05-05,0.3450,0.3550,0.3400,0.3450,36518600
DAYA,2014-05-06,0.3450,0.3450,0.3350,0.3400,6921800
DAYA,2014-05-07,0.3350,0.3400,0.3350,0.3350,3210100
DAYA,2014-05-08,0.3350,0.3450,0.3350,0.3400,7160700
DAYA,2014-05-09,0.3350,0.3450,0.3300,0.3400,11557500
DAYA,2014-05-12,0.3400,0.3400,0.3300,0.3350,4271200
DAYA,2014-05-14,0.3350,0.3400,0.3300,0.3400,6657000
DAYA,2014-05-15,0.3350,0.3400,0.3300,0.3300,4655200
DAYA,2014-05-16,0.3300,0.3350,0.3300,0.3300,4441300
DAYA,2014-05-19,0.3300,0.3350,0.3250,0.3300,6701700
DAYA,2014-05-20,0.3300,0.3350,0.3250,0.3250,7084000
DAYA,2014-05-21,0.3300,0.3300,0.3200,0.3200,8279900
DAYA,2014-05-22,0.3250,0.3300,0.3200,0.3200,8766900
DAYA,2014-05-23,0.3200,0.3250,0.3200,0.3200,5232700
DAYA,2014-05-26,0.3200,0.3250,0.3150,0.3200,8325000
DAYA,2014-05-27,0.3200,0.3250,0.3150,0.3250,9263800
DAYA,2014-05-28,0.3200,0.3250,0.3200,0.3200,2687000
DAYA,2014-05-29,0.3200,0.3250,0.3200,0.3200,3605000
DAYA,2014-05-30,0.3200,0.3250,0.3150,0.3200,4237000
DAYA,2014-06-02,0.3200,0.3200,0.3150,0.3150,5257000
DAYA,2014-06-03,0.3150,0.3200,0.3150,0.3150,2199100
DAYA,2014-06-04,0.3200,0.3200,0.3150,0.3150,1346200
DAYA,2014-06-05,0.3150,0.3200,0.3150,0.3150,3601100
DAYA,2014-06-06,0.3150,0.3200,0.3100,0.3100,6531000
DAYA,2014-06-09,0.3100,0.3250,0.3100,0.3200,8154800
DAYA,2014-06-10,0.3200,0.3200,0.3150,0.3200,799000
DAYA,2014-06-11,0.3200,0.3200,0.3100,0.3150,4389100
DAYA,2014-06-12,0.3150,0.3150,0.3100,0.3150,1794200
DAYA,2014-06-13,0.3150,0.3200,0.3100,0.3200,1980200
DAYA,2014-06-16,0.3200,0.3200,0.3150,0.3150,2230000
DAYA,2014-06-17,0.3200,0.3200,0.3100,0.3100,8152500
DAYA,2014-06-18,0.3150,0.3200,0.3100,0.3150,4002700
DAYA,2014-06-19,0.3150,0.3150,0.3100,0.3100,4374200
DAYA,2014-06-20,0.3150,0.3200,0.3100,0.3200,9311600
DAYA,2014-06-23,0.3200,0.3200,0.3150,0.3150,2505900
DAYA,2014-06-24,0.3150,0.3200,0.3100,0.3150,7796800
DAYA,2014-06-25,0.3200,0.3200,0.3100,0.3100,1333900
DAYA,2014-06-26,0.3150,0.3150,0.3100,0.3150,3893900
DAYA,2014-06-27,0.3150,0.3150,0.3100,0.3100,723600
DAYA,2014-06-30,0.3100,0.3200,0.3100,0.3100,16393900
DAYA,2014-07-01,0.3100,0.3150,0.3100,0.3100,5764400
DAYA,2014-07-02,0.3100,0.3150,0.3100,0.3150,1981900
DAYA,2014-07-03,0.3100,0.3150,0.3100,0.3100,2983600
DAYA,2014-07-04,0.3100,0.3150,0.3100,0.3100,3339300
DAYA,2014-07-07,0.3100,0.3200,0.3050,0.3100,17736000
DAYA,2014-07-08,0.3100,0.3100,0.2900,0.2950,36514700
DAYA,2014-07-09,0.2950,0.3000,0.2900,0.2950,6626700
DAYA,2014-07-10,0.2950,0.3000,0.2900,0.2900,4463800
DAYA,2014-07-11,0.2900,0.2900,0.2800,0.2800,17774400
DAYA,2014-07-14,0.2800,0.2900,0.2800,0.2800,11202500
DAYA,2014-07-16,0.2850,0.2950,0.2800,0.2950,12689800
DAYA,2014-07-17,0.2950,0.3000,0.2900,0.2900,6437200
DAYA,2014-07-18,0.2900,0.2950,0.2850,0.2950,6552400
DAYA,2014-07-21,0.2950,0.3000,0.2900,0.2950,4151500
DAYA,2014-07-22,0.2950,0.2950,0.2900,0.2950,4263400
DAYA,2014-07-23,0.2950,0.2950,0.2900,0.2900,6477200
DAYA,2014-07-24,0.2900,0.2950,0.2900,0.2900,5418500
DAYA,2014-07-25,0.2950,0.3000,0.2900,0.3000,9158900
DAYA,2014-07-30,0.3000,0.3000,0.2950,0.3000,3920300
DAYA,2014-07-31,0.2950,0.3000,0.2950,0.2950,3007900
DAYA,2014-08-01,0.2900,0.3000,0.2900,0.3000,5355600
DAYA,2014-08-04,0.3000,0.3250,0.3000,0.3200,49410900
DAYA,2014-08-05,0.3250,0.3400,0.3200,0.3300,63748100
DAYA,2014-08-06,0.3300,0.3350,0.3250,0.3250,13201300
DAYA,2014-08-07,0.3250,0.3300,0.3150,0.3200,13265100
DAYA,2014-08-08,0.3200,0.3200,0.3050,0.3100,14499700
DAYA,2014-08-11,0.3150,0.3250,0.3150,0.3200,20253400
DAYA,2014-08-12,0.3200,0.3250,0.3200,0.3200,6648100
DAYA,2014-08-13,0.3250,0.3550,0.3250,0.3500,111640900
DAYA,2014-08-14,0.3500,0.3550,0.3400,0.3450,43056000
DAYA,2014-08-15,0.3500,0.3500,0.3250,0.3250,27999700
DAYA,2014-08-18,0.3250,0.3250,0.3150,0.3150,27054000
DAYA,2014-08-19,0.3150,0.3300,0.3150,0.3150,28778600
DAYA,2014-08-20,0.3200,0.3250,0.3100,0.3100,17391000
DAYA,2014-08-21,0.3100,0.3150,0.3050,0.3050,12298100
DAYA,2014-08-22,0.3100,0.3150,0.3100,0.3150,4061600
DAYA,2014-08-25,0.3150,0.3200,0.2950,0.3000,27653900
DAYA,2014-08-26,0.3000,0.3050,0.2950,0.2950,10511000
DAYA,2014-08-27,0.2950,0.3000,0.2900,0.2950,7349600
DAYA,2014-08-28,0.2950,0.2950,0.2850,0.2900,7434200
DAYA,2014-08-29,0.2850,0.2950,0.2800,0.2850,19953700
DAYA,2014-09-02,0.2850,0.2950,0.2850,0.2900,5768800
DAYA,2014-09-03,0.2900,0.2900,0.2800,0.2850,6841000
DAYA,2014-09-04,0.2850,0.2950,0.2850,0.2850,9398500
DAYA,2014-09-05,0.2850,0.2950,0.2850,0.2900,20525000
DAYA,2014-09-08,0.2950,0.2950,0.2900,0.2900,2013900
DAYA,2014-09-09,0.2900,0.2950,0.2900,0.2900,2826500
DAYA,2014-09-10,0.2900,0.2950,0.2850,0.2900,4024800
DAYA,2014-09-11,0.2900,0.3100,0.2900,0.3000,22048100
DAYA,2014-09-12,0.3000,0.3050,0.3000,0.3000,4285300
DAYA,2014-09-15,0.3000,0.3000,0.2900,0.2900,1768800
DAYA,2014-09-17,0.2950,0.2950,0.2900,0.2950,3590800
DAYA,2014-09-18,0.2950,0.2950,0.2850,0.2850,5620900
DAYA,2014-09-19,0.2900,0.3000,0.2850,0.2950,6072700
DAYA,2014-09-22,0.3000,0.3050,0.2950,0.2950,5488800
DAYA,2014-09-23,0.2950,0.2950,0.2900,0.2950,2497800
DAYA,2014-09-24,0.2950,0.2950,0.2900,0.2950,6010500
DAYA,2014-09-25,0.2900,0.2950,0.2850,0.2900,2031400
DAYA,2014-10-03,0.2750,0.2850,0.2750,0.2800,8193000
DAYA,2014-10-07,0.2800,0.2800,0.2650,0.2650,47444200
DAYA,2014-10-08,0.2650,0.2700,0.2550,0.2550,34371700
DAYA,2014-10-09,0.2600,0.2650,0.2550,0.2550,21856900
DAYA,2014-10-10,0.2550,0.2600,0.2500,0.2600,7231000
DAYA,2014-10-13,0.2600,0.2600,0.2400,0.2400,19833800
DAYA,2014-10-14,0.2350,0.2400,0.2300,0.2350,15326300
DAYA,2014-10-15,0.2350,0.2450,0.2300,0.2300,13832500
DAYA,2014-10-16,0.2300,0.2300,0.2200,0.2250,15151900
DAYA,2014-10-17,0.2250,0.2350,0.2250,0.2300,12005300
DAYA,2014-10-20,0.2350,0.2350,0.2250,0.2300,4841600
DAYA,2014-10-21,0.2300,0.2300,0.2200,0.2250,4179400
DAYA,2014-10-24,0.2300,0.2350,0.2250,0.2350,7610300
DAYA,2014-10-27,0.2350,0.2500,0.2300,0.2400,15322400
DAYA,2014-10-28,0.2450,0.2500,0.2400,0.2400,4423800
DAYA,2014-10-29,0.2450,0.2450,0.2400,0.2450,1490300
DAYA,2014-10-30,0.2400,0.2450,0.2350,0.2400,7342100
DAYA,2014-10-31,0.2400,0.2450,0.2400,0.2450,6167900
DAYA,2014-11-03,0.2450,0.2450,0.2350,0.2350,8768900
DAYA,2014-11-04,0.2350,0.2400,0.2300,0.2350,2499900
DAYA,2014-11-05,0.2350,0.2350,0.2250,0.2300,5981300
DAYA,2014-11-06,0.2300,0.2350,0.2250,0.2300,3163300
DAYA,2014-11-07,0.2300,0.2350,0.2250,0.2300,14079200
DAYA,2014-11-10,0.2250,0.2300,0.2250,0.2250,2667600
DAYA,2014-11-11,0.2250,0.2250,0.2200,0.2250,3607400
DAYA,2014-11-12,0.2250,0.2250,0.2200,0.2200,2255200
DAYA,2014-11-13,0.2200,0.2250,0.2200,0.2250,5967600
DAYA,2014-11-14,0.2250,0.2250,0.2150,0.2150,2077000
DAYA,2014-11-17,0.2150,0.2200,0.2150,0.2200,720800
DAYA,2014-11-18,0.2200,0.2200,0.2200,0.2200,1750500
DAYA,2014-11-19,0.2200,0.2300,0.2200,0.2200,8833400
DAYA,2014-11-20,0.2250,0.2250,0.2200,0.2200,2022500
DAYA,2014-11-21,0.2200,0.2250,0.2150,0.2150,3062100
DAYA,2014-11-24,0.2200,0.2350,0.2200,0.2250,9250900
DAYA,2014-11-25,0.2250,0.2250,0.2150,0.2150,2651100
DAYA,2014-11-26,0.2250,0.2300,0.2150,0.2150,5247300
DAYA,2014-11-27,0.2200,0.2300,0.2150,0.2200,46796000
DAYA,2014-11-28,0.2200,0.2200,0.2150,0.2150,5111300
DAYA,2014-12-01,0.2100,0.2150,0.1850,0.1900,34976000
DAYA,2014-12-02,0.1900,0.2000,0.1800,0.1800,31354100
DAYA,2014-12-03,0.1850,0.1850,0.1750,0.1750,16010000
DAYA,2014-12-04,0.1750,0.1850,0.1750,0.1800,11055700
DAYA,2014-12-05,0.1800,0.1850,0.1750,0.1800,5942900
DAYA,2014-12-08,0.1800,0.1800,0.1750,0.1750,5175900
DAYA,2014-12-09,0.1750,0.1750,0.1650,0.1650,12000300
DAYA,2014-12-10,0.1700,0.1750,0.1650,0.1700,2090300
DAYA,2014-12-11,0.1700,0.1750,0.1700,0.1700,4928000
DAYA,2014-12-12,0.1700,0.1750,0.1650,0.1700,5926600
DAYA,2014-12-15,0.1600,0.1650,0.1500,0.1550,14272700
DAYA,2014-12-16,0.1500,0.1600,0.1500,0.1550,10750900
DAYA,2014-12-17,0.1550,0.1650,0.1550,0.1650,15579200
DAYA,2014-12-18,0.1700,0.1700,0.1650,0.1700,8151700
DAYA,2014-12-19,0.1700,0.1700,0.1600,0.1650,8558400
DAYA,2014-12-22,0.1650,0.1800,0.1600,0.1750,12117900
DAYA,2014-12-23,0.1750,0.1800,0.1700,0.1750,6525300
DAYA,2014-12-24,0.1700,0.1750,0.1700,0.1700,2221200
DAYA,2014-12-26,0.1700,0.1700,0.1650,0.1700,2226100
DAYA,2014-12-29,0.1650,0.1700,0.1650,0.1700,3640500
DAYA,2014-12-30,0.1650,0.1650,0.1600,0.1650,6435000
DAYA,2014-12-31,0.1600,0.1650,0.1550,0.1550,14518000
DAYA,2015-01-02,0.1600,0.1650,0.1600,0.1600,1953200
DAYA,2015-01-05,0.1600,0.1600,0.1500,0.1500,8372200
DAYA,2015-01-06,0.1500,0.1550,0.1500,0.1500,7093000
DAYA,2015-01-07,0.1550,0.1600,0.1500,0.1500,7012500
DAYA,2015-01-08,0.1500,0.1600,0.1500,0.1550,6591900
DAYA,2015-01-09,0.1600,0.1650,0.1550,0.1600,19781100
DAYA,2015-01-12,0.1650,0.1700,0.1550,0.1650,41030400
DAYA,2015-01-13,0.1600,0.1650,0.1600,0.1650,2774600
DAYA,2015-01-14,0.1600,0.1650,0.1550,0.1600,7326700
DAYA,2015-01-15,0.1600,0.1650,0.1600,0.1600,19223700
DAYA,2015-01-16,0.1650,0.1650,0.1600,0.1600,4689900
DAYA,2015-01-19,0.1600,0.1700,0.1600,0.1650,31177900
DAYA,2015-01-20,0.1650,0.1700,0.1600,0.1600,25148600
DAYA,2015-01-21,0.1600,0.1650,0.1550,0.1650,27722400
DAYA,2015-01-22,0.1650,0.1700,0.1650,0.1650,50538900
DAYA,2015-01-23,0.1700,0.1750,0.1600,0.1650,45968200
DAYA,2015-01-26,0.1650,0.1650,0.1500,0.1550,87428100
DAYA,2015-01-27,0.1550,0.1600,0.1550,0.1600,14895500
DAYA,2015-01-28,0.1550,0.1600,0.1550,0.1550,9570000
DAYA,2015-01-29,0.1550,0.1550,0.1500,0.1500,7872600
DAYA,2015-01-30,0.1550,0.1550,0.1500,0.1500,13456200
DAYA,2015-02-04,0.1600,0.1600,0.1500,0.1550,47354000
DAYA,2015-02-05,0.1550,0.1550,0.1500,0.1550,7817300
DAYA,2015-02-06,0.1550,0.1550,0.1500,0.1500,5927500
DAYA,2015-02-09,0.1550,0.1550,0.1500,0.1500,9034800
DAYA,2015-02-10,0.1500,0.1600,0.1500,0.1600,65603600
DAYA,2015-02-11,0.1600,0.1650,0.1550,0.1600,28768000
DAYA,2015-02-12,0.1600,0.1650,0.1550,0.1600,20983500
DAYA,2015-02-13,0.1600,0.1600,0.1550,0.1550,8103000
DAYA,2015-02-16,0.1600,0.1600,0.1550,0.1550,18350300
DAYA,2015-02-17,0.1550,0.1600,0.1550,0.1550,19007500
DAYA,2015-02-18,0.1550,0.1600,0.1550,0.1600,1881000
DAYA,2015-02-23,0.1600,0.1600,0.1500,0.1550,10631500
DAYA,2015-02-24,0.1550,0.1550,0.1450,0.1450,25733000
DAYA,2015-02-25,0.1450,0.1500,0.1450,0.1450,9165300
DAYA,2015-02-26,0.1500,0.1500,0.1450,0.1500,3524400
DAYA,2015-02-27,0.1450,0.1500,0.1400,0.1500,19911200
DAYA,2015-03-02,0.1450,0.1500,0.1400,0.1450,6439500
DAYA,2015-03-03,0.1450,0.1450,0.1400,0.1400,7950100
DAYA,2015-03-04,0.1400,0.1450,0.1400,0.1400,8711200
DAYA,2015-03-05,0.1400,0.1450,0.1350,0.1400,19510700
DAYA,2015-03-06,0.1400,0.1400,0.1350,0.1400,5951600
DAYA,2015-03-09,0.1400,0.1400,0.1350,0.1350,1398300
DAYA,2015-03-10,0.1400,0.1450,0.1350,0.1400,16871200
DAYA,2015-03-11,0.1400,0.1400,0.1350,0.1350,13847400
DAYA,2015-03-12,0.1350,0.1400,0.1350,0.1400,3520400
DAYA,2015-03-13,0.1400,0.1400,0.1350,0.1400,2577200
DAYA,2015-03-16,0.1350,0.1400,0.1350,0.1350,4644000
DAYA,2015-03-17,0.1350,0.1400,0.1350,0.1350,1680600
DAYA,2015-03-18,0.1350,0.1350,0.1300,0.1350,7198600
DAYA,2015-03-19,0.1350,0.1450,0.1350,0.1400,24836300
DAYA,2015-03-20,0.1400,0.1400,0.1350,0.1400,3113500
DAYA,2015-03-23,0.1400,0.1400,0.1350,0.1350,2890700
DAYA,2015-03-24,0.1350,0.1400,0.1350,0.1400,30745900
DAYA,2015-03-25,0.1400,0.1400,0.1350,0.1350,7071900
DAYA,2015-03-26,0.1350,0.1450,0.1350,0.1450,61564100
DAYA,2015-03-27,0.1450,0.1450,0.1400,0.1400,8604400
DAYA,2015-03-30,0.1400,0.1450,0.1400,0.1400,7392400
DAYA,2015-03-31,0.1400,0.1450,0.1350,0.1350,1727000
DAYA,2015-04-01,0.1350,0.1400,0.1350,0.1350,3634600
DAYA,2015-04-02,0.1400,0.1400,0.1350,0.1350,3537400
DAYA,2015-04-03,0.1400,0.1400,0.1300,0.1300,14606100
DAYA,2015-04-06,0.1350,0.1350,0.1300,0.1300,1900000
DAYA,2015-04-07,0.1350,0.1400,0.1350,0.1350,11695900
DAYA,2015-04-08,0.1350,0.1350,0.1300,0.1350,1015400
DAYA,2015-04-09,0.1300,0.1350,0.1300,0.1350,3037100
DAYA,2015-04-10,0.1300,0.1350,0.1300,0.1300,1189500
DAYA,2015-04-13,0.1300,0.1350,0.1300,0.1350,829600
DAYA,2015-04-14,0.1350,0.1350,0.1300,0.1350,1183800
DAYA,2015-04-15,0.1350,0.1450,0.1350,0.1400,23347900
DAYA,2015-04-16,0.1400,0.1450,0.1350,0.1400,12651200
DAYA,2015-04-17,0.1400,0.1450,0.1400,0.1400,7701500
DAYA,2015-04-20,0.1400,0.1400,0.1350,0.1400,9671200
DAYA,2015-04-21,0.1400,0.1400,0.1350,0.1350,3016600
DAYA,2015-04-22,0.1350,0.1400,0.1350,0.1350,3395200
DAYA,2015-04-23,0.1350,0.1400,0.1350,0.1350,2823600
DAYA,2015-04-24,0.1350,0.1400,0.1300,0.1300,10818700
DAYA,2015-04-27,0.1350,0.1400,0.1300,0.1350,8531300
DAYA,2015-04-28,0.1350,0.1350,0.1300,0.1350,3362000
DAYA,2015-04-29,0.1350,0.1350,0.1300,0.1350,4488000
DAYA,2015-04-30,0.1350,0.1350,0.1300,0.1300,4933000
DAYA,2015-05-05,0.1350,0.1350,0.1300,0.1300,5336900
DAYA,2015-05-06,0.1350,0.1400,0.1300,0.1350,20045900
DAYA,2015-05-07,0.1350,0.1350,0.1300,0.1350,2312300
DAYA,2015-05-08,0.1350,0.1350,0.1350,0.1350,1062800
DAYA,2015-05-11,0.1350,0.1350,0.1300,0.1300,2149100
DAYA,2015-05-12,0.1300,0.1350,0.1300,0.1300,5996900
DAYA,2015-05-13,0.1350,0.1350,0.1300,0.1300,1602100
DAYA,2015-05-14,0.1300,0.1350,0.1300,0.1300,15935500
DAYA,2015-05-15,0.1300,0.1350,0.1250,0.1300,8255000
DAYA,2015-05-18,0.1250,0.1300,0.1250,0.1250,16335400
DAYA,2015-05-19,0.1250,0.1300,0.1200,0.1250,3256900
DAYA,2015-05-20,0.1250,0.1250,0.1050,0.1050,33773900
DAYA,2015-05-21,0.1050,0.1150,0.1050,0.1100,12293600
DAYA,2015-05-25,0.1100,0.1150,0.1100,0.1150,13111100
DAYA,2015-05-26,0.1150,0.1150,0.1100,0.1150,2835800
DAYA,2015-05-28,0.1100,0.1100,0.1050,0.1100,7022800
DAYA,2015-05-29,0.1100,0.1150,0.1100,0.1100,3761300
DAYA,2015-06-01,0.1100,0.1100,0.1100,0.1100,3447200
DAYA,2015-06-02,0.1100,0.1150,0.1100,0.1100,3482900
DAYA,2015-06-03,0.1100,0.1150,0.1100,0.1150,260100
DAYA,2015-06-04,0.1100,0.1100,0.1050,0.1100,3151800
DAYA,2015-06-05,0.1100,0.1100,0.1050,0.1050,691000
DAYA,2015-06-08,0.1050,0.1100,0.1050,0.1050,2968900
DAYA,2015-06-09,0.1100,0.1100,0.1050,0.1050,7053800
DAYA,2015-06-11,0.1000,0.1050,0.1000,0.1000,5454600
DAYA,2015-06-12,0.1000,0.1050,0.0950,0.1050,9016400
DAYA,2015-06-15,0.1000,0.1000,0.0950,0.0950,3499000
DAYA,2015-06-17,0.0950,0.1000,0.0900,0.1000,5922000
DAYA,2015-06-18,0.1000,0.1000,0.0950,0.1000,1197000
DAYA,2015-06-19,0.0950,0.1150,0.0950,0.1150,18781900
DAYA,2015-06-23,0.1150,0.1150,0.1100,0.1150,2020300
DAYA,2015-06-24,0.1100,0.1250,0.1100,0.1250,10541400
DAYA,2015-07-06,0.1200,0.1200,0.1150,0.1200,1663000
DAYA,2015-07-07,0.1150,0.1200,0.1150,0.1150,1941100
DAYA,2015-07-08,0.1150,0.1200,0.1050,0.1100,6490300
DAYA,2015-07-09,0.1050,0.1150,0.1050,0.1100,2608600
DAYA,2015-07-14,0.1150,0.1150,0.1100,0.1100,823600
DAYA,2015-07-15,0.1150,0.1150,0.1100,0.1100,898400
DAYA,2015-07-20,0.1100,0.1150,0.1050,0.1150,2847700
DAYA,2015-07-21,0.1100,0.1200,0.1100,0.1150,3775800
DAYA,2015-07-23,0.1150,0.1200,0.1150,0.1150,1114400
DAYA,2015-07-27,0.1100,0.1150,0.1100,0.1150,442900
DAYA,2015-07-31,0.1150,0.1150,0.1100,0.1150,780000
DAYA,2015-08-03,0.1150,0.1150,0.1100,0.1100,1439700
DAYA,2015-08-04,0.1100,0.1150,0.1100,0.1150,1443100
DAYA,2015-08-05,0.1100,0.1200,0.1100,0.1200,2135700
DAYA,2015-08-07,0.1100,0.1100,0.1050,0.1050,3996300
DAYA,2015-08-14,0.1000,0.1000,0.0950,0.0950,1173500
DAYA,2015-08-17,0.0950,0.0950,0.0900,0.0900,4308800
DAYA,2015-08-26,0.0900,0.0950,0.0850,0.0900,5736500
DAYA,2015-08-27,0.0900,0.0950,0.0900,0.0950,8548800
DAYA,2015-08-28,0.1000,0.1100,0.0950,0.1000,16111500
DAYA,2015-09-01,0.1050,0.1100,0.1000,0.1000,4172600
DAYA,2015-09-02,0.1000,0.1000,0.0950,0.0950,2556800
DAYA,2015-09-03,0.1000,0.1050,0.1000,0.1000,1948800
DAYA,2015-09-04,0.1000,0.1000,0.0950,0.0950,845700
DAYA,2015-09-07,0.0950,0.1000,0.0950,0.0950,725000
DAYA,2015-09-08,0.0950,0.1000,0.0950,0.1000,2204500
DAYA,2015-09-09,0.1050,0.1050,0.0950,0.1000,6705100
DAYA,2015-09-10,0.1000,0.1000,0.0950,0.0950,1304000
DAYA,2015-09-11,0.0950,0.1050,0.0950,0.1000,7549000
DAYA,2015-09-15,0.1050,0.1050,0.1000,0.1000,1612400
DAYA,2015-09-17,0.1050,0.1100,0.1050,0.1050,13937600
DAYA,2015-09-18,0.1050,0.1050,0.1000,0.1050,550200
DAYA,2015-09-21,0.1000,0.1050,0.1000,0.1000,761800
DAYA,2015-09-22,0.1050,0.1050,0.1000,0.1050,491000
DAYA,2015-09-23,0.1000,0.1000,0.0950,0.1000,8685000
DAYA,2015-09-25,0.0950,0.1000,0.0950,0.0950,3654400
DAYA,2015-09-28,0.0950,0.1000,0.0950,0.1000,453000
DAYA,2015-09-29,0.1000,0.1000,0.0950,0.1000,2587700
DAYA,2015-09-30,0.0950,0.1000,0.0950,0.1000,835900
DAYA,2015-10-01,0.1000,0.1000,0.0950,0.0950,366000
DAYA,2015-10-05,0.0950,0.1000,0.0950,0.1000,6164300
DAYA,2015-10-06,0.1000,0.1050,0.1000,0.1050,3586800
DAYA,2015-10-08,0.1100,0.1100,0.1000,0.1050,7153600
DAYA,2015-10-09,0.1100,0.1200,0.1100,0.1150,37073900
DAYA,2015-10-15,0.1100,0.1150,0.1050,0.1100,5599200
DAYA,2015-10-16,0.1100,0.1100,0.1050,0.1050,3316500
DAYA,2015-10-20,0.1050,0.1100,0.1050,0.1050,2045600
DAYA,2015-10-22,0.1100,0.1100,0.1050,0.1050,4421000
DAYA,2015-10-26,0.1050,0.1050,0.1000,0.1050,6213400
DAYA,2015-10-29,0.1050,0.1050,0.1000,0.1000,3732000
DAYA,2015-10-30,0.1000,0.1050,0.1000,0.1050,2799000
DAYA,2015-11-03,0.1050,0.1050,0.1000,0.1000,2985000
DAYA,2015-11-04,0.1050,0.1050,0.1000,0.1000,5845800
DAYA,2015-11-05,0.1000,0.1050,0.1000,0.1000,4911000
DAYA,2015-11-09,0.1050,0.1100,0.1050,0.1050,1068000
DAYA,2015-11-11,0.1050,0.1050,0.1000,0.1050,3960100
DAYA,2015-11-12,0.1000,0.1050,0.1000,0.1050,9205800
DAYA,2015-11-13,0.1000,0.1050,0.1000,0.1050,2214800
DAYA,2015-11-16,0.1050,0.1050,0.1000,0.1000,892500
DAYA,2015-11-17,0.1050,0.1100,0.1050,0.1050,3188600
DAYA,2015-11-18,0.1050,0.1100,0.1050,0.1100,826000
DAYA,2015-11-19,0.1100,0.1100,0.1050,0.1050,3303500
DAYA,2015-11-20,0.1050,0.1100,0.1050,0.1050,1592100
DAYA,2015-11-23,0.1050,0.1100,0.1050,0.1050,3627500
DAYA,2015-11-24,0.1050,0.1100,0.1050,0.1050,1422000
DAYA,2015-11-25,0.1100,0.1150,0.1050,0.1050,43102400
DAYA,2015-11-26,0.1100,0.1150,0.1050,0.1150,11686600
DAYA,2015-11-27,0.1100,0.1150,0.1050,0.1100,5220100
DAYA,2015-11-30,0.1100,0.1100,0.1050,0.1050,498300
DAYA,2015-12-01,0.1050,0.1100,0.1050,0.1050,4036400
DAYA,2015-12-02,0.1050,0.1100,0.1050,0.1050,5695800
DAYA,2015-12-03,0.1050,0.1100,0.1050,0.1050,1842300
DAYA,2015-12-04,0.1050,0.1100,0.1050,0.1050,1042000
DAYA,2015-12-07,0.1050,0.1050,0.1000,0.1050,15217500
DAYA,2015-12-08,0.1050,0.1050,0.1000,0.1000,1663000
DAYA,2015-12-09,0.1000,0.1050,0.1000,0.1000,5602100
DAYA,2015-12-10,0.1000,0.1050,0.1000,0.1000,526000
DAYA,2015-12-11,0.1000,0.1050,0.0950,0.1050,6238000
DAYA,2015-12-14,0.1050,0.1050,0.0950,0.0950,1552200
DAYA,2015-12-15,0.1000,0.1050,0.1000,0.1050,741300
DAYA,2015-12-16,0.1050,0.1050,0.1000,0.1050,757000
DAYA,2015-12-17,0.1000,0.1000,0.0950,0.1000,3356800
DAYA,2015-12-18,0.1000,0.1000,0.0950,0.1000,370000
DAYA,2015-12-21,0.1000,0.1000,0.0950,0.1000,10713100
DAYA,2015-12-22,0.1000,0.1050,0.1000,0.1050,3696500
DAYA,2015-12-23,0.1050,0.1050,0.1000,0.1000,1556200
DAYA,2015-12-28,0.1000,0.1050,0.1000,0.1050,11080200
DAYA,2015-12-29,0.1050,0.1050,0.1000,0.1050,19197600
DAYA,2015-12-30,0.1000,0.1000,0.1000,0.1000,8933000
DAYA,2015-12-31,0.1000,0.1050,0.1000,0.1050,2071000
DAYA,2016-01-04,0.1050,0.1050,0.1000,0.1000,4157200
DAYA,2016-01-05,0.1000,0.1000,0.0950,0.1000,840000
DAYA,2016-01-06,0.1000,0.1000,0.0950,0.0950,871000
DAYA,2016-01-07,0.0950,0.1000,0.0950,0.0950,2050000
DAYA,2016-01-08,0.0950,0.1000,0.0950,0.1000,532000
DAYA,2016-01-11,0.1000,0.1000,0.0950,0.1000,1214500
DAYA,2016-01-12,0.0950,0.1000,0.0950,0.1000,487000
DAYA,2016-01-13,0.0950,0.0950,0.0950,0.0950,441000
DAYA,2016-01-14,0.0950,0.1000,0.0950,0.0950,1512800
DAYA,2016-01-15,0.0950,0.1000,0.0950,0.0950,10157800
DAYA,2016-01-18,0.0950,0.0950,0.0900,0.0950,4804300
DAYA,2016-01-19,0.0950,0.0950,0.0900,0.0950,952700
DAYA,2016-01-20,0.0900,0.0950,0.0900,0.0900,15528300
DAYA,2016-01-21,0.0900,0.0900,0.0850,0.0850,3731500
DAYA,2016-01-22,0.0850,0.0900,0.0850,0.0900,2922800
DAYA,2016-01-26,0.0900,0.0900,0.0850,0.0850,1948200
DAYA,2016-01-27,0.0900,0.0900,0.0850,0.0850,1425000
DAYA,2016-01-28,0.0850,0.0900,0.0850,0.0900,2014600
DAYA,2016-01-29,0.0950,0.0950,0.0900,0.0950,5832000
DAYA,2016-02-02,0.0950,0.0950,0.0850,0.0850,11870700
DAYA,2016-02-03,0.0900,0.0900,0.0850,0.0900,1366000
DAYA,2016-02-04,0.0900,0.0950,0.0900,0.0900,10431500
DAYA,2016-02-05,0.0900,0.0900,0.0850,0.0850,2478200
DAYA,2016-02-10,0.0900,0.0900,0.0850,0.0850,371000
DAYA,2016-02-11,0.0850,0.0900,0.0850,0.0850,1858000
DAYA,2016-02-12,0.0850,0.0900,0.0850,0.0900,245000
DAYA,2016-02-15,0.0900,0.0950,0.0900,0.0900,25296900
DAYA,2016-02-16,0.0900,0.0900,0.0850,0.0900,10431000
DAYA,2016-02-17,0.0900,0.0900,0.0850,0.0900,4742200
DAYA,2016-02-18,0.0900,0.0900,0.0900,0.0900,11428500
DAYA,2016-02-19,0.0900,0.0900,0.0850,0.0850,3655800
DAYA,2016-02-22,0.0850,0.0950,0.0850,0.0950,12840000
DAYA,2016-02-23,0.0950,0.0950,0.0900,0.0950,1427900
DAYA,2016-02-24,0.0900,0.0900,0.0850,0.0900,3824100
DAYA,2016-02-25,0.0900,0.0900,0.0900,0.0900,1477800
DAYA,2016-02-26,0.0900,0.0900,0.0850,0.0900,1059500
DAYA,2016-02-29,0.0900,0.0900,0.0850,0.0850,843000
DAYA,2016-03-01,0.0900,0.0900,0.0850,0.0900,2432000
DAYA,2016-03-02,0.0900,0.0900,0.0850,0.0850,1908000
DAYA,2016-03-03,0.0900,0.0900,0.0850,0.0850,1530000
DAYA,2016-03-04,0.0850,0.0900,0.0850,0.0900,1249000
DAYA,2016-03-07,0.0900,0.0900,0.0850,0.0900,2435400
DAYA,2016-03-08,0.0900,0.0900,0.0850,0.0850,855000
DAYA,2016-03-09,0.0850,0.0900,0.0850,0.0850,701000
DAYA,2016-03-10,0.0900,0.0900,0.0850,0.0850,1046200
DAYA,2016-03-11,0.0850,0.0900,0.0850,0.0850,1517500
DAYA,2016-03-14,0.0850,0.0900,0.0850,0.0850,635100
DAYA,2016-03-15,0.0850,0.0850,0.0850,0.0850,8146200
DAYA,2016-03-16,0.0850,0.0850,0.0850,0.0850,692000
DAYA,2016-03-17,0.0850,0.0900,0.0850,0.0850,455000
DAYA,2016-03-18,0.0850,0.0900,0.0850,0.0850,775000
DAYA,2016-03-21,0.0850,0.0850,0.0850,0.0850,1312000
DAYA,2016-03-22,0.0850,0.0900,0.0850,0.0900,364200
DAYA,2016-03-23,0.0850,0.0850,0.0850,0.0850,203000
DAYA,2016-03-25,0.0850,0.0900,0.0850,0.0850,7813100
DAYA,2016-03-28,0.0850,0.0850,0.0800,0.0800,914500
DAYA,2016-03-29,0.0850,0.0850,0.0800,0.0850,216000
DAYA,2016-03-30,0.0850,0.0850,0.0800,0.0850,751700
DAYA,2016-03-31,0.0850,0.0850,0.0800,0.0850,331000
DAYA,2016-04-01,0.0850,0.0850,0.0800,0.0850,2329000
DAYA,2016-04-04,0.0850,0.0850,0.0850,0.0850,420000
DAYA,2016-04-05,0.0850,0.0850,0.0800,0.0800,7098400
DAYA,2016-04-06,0.0800,0.0850,0.0800,0.0850,803700
DAYA,2016-04-07,0.0800,0.0800,0.0800,0.0800,468100
DAYA,2016-04-08,0.0850,0.0850,0.0800,0.0800,578600
DAYA,2016-04-11,0.0800,0.0850,0.0800,0.0850,236100
DAYA,2016-04-12,0.0800,0.0850,0.0800,0.0850,4782200
DAYA,2016-04-13,0.0850,0.0900,0.0850,0.0850,11885200
DAYA,2016-04-14,0.0850,0.0850,0.0850,0.0850,4361100
DAYA,2016-04-15,0.0800,0.0850,0.0800,0.0850,675000
DAYA,2016-04-18,0.0850,0.0850,0.0800,0.0850,2748100
DAYA,2016-04-19,0.0800,0.0850,0.0800,0.0800,7254500
DAYA,2016-04-20,0.0850,0.0850,0.0800,0.0800,2640000
DAYA,2016-04-21,0.0800,0.0850,0.0800,0.0800,2984900
DAYA,2016-04-22,0.0800,0.0850,0.0800,0.0850,478000
DAYA,2016-04-25,0.0800,0.0850,0.0800,0.0800,458100
DAYA,2016-04-26,0.0800,0.0800,0.0800,0.0800,3286100
DAYA,2016-04-27,0.0800,0.0800,0.0750,0.0800,1803000
DAYA,2016-04-28,0.0800,0.0800,0.0750,0.0800,3455100
DAYA,2016-04-29,0.0750,0.0800,0.0750,0.0800,2032000
DAYA,2016-05-03,0.0800,0.0800,0.0750,0.0800,2170300
DAYA,2016-05-04,0.0750,0.0800,0.0750,0.0800,440000
DAYA,2016-05-05,0.0800,0.0800,0.0750,0.0750,898400
DAYA,2016-05-06,0.0800,0.0800,0.0750,0.0750,1668000
DAYA,2016-05-09,0.0800,0.0800,0.0750,0.0800,5156900
DAYA,2016-05-10,0.0750,0.0800,0.0750,0.0800,2612500
DAYA,2016-05-11,0.0800,0.0800,0.0800,0.0800,784500
DAYA,2016-05-12,0.0800,0.0800,0.0750,0.0800,2129600
DAYA,2016-05-13,0.0800,0.0800,0.0750,0.0800,936600
DAYA,2016-05-16,0.0800,0.0800,0.0800,0.0800,40000
DAYA,2016-05-17,0.0750,0.0800,0.0750,0.0800,974300
DAYA,2016-05-18,0.0800,0.0800,0.0750,0.0800,1848200
DAYA,2016-05-19,0.0800,0.0800,0.0750,0.0800,740000
DAYA,2016-05-20,0.0750,0.0800,0.0750,0.0800,1191000
DAYA,2016-05-23,0.0800,0.0800,0.0750,0.0800,426000
DAYA,2016-05-24,0.0750,0.0800,0.0750,0.0800,795600
DAYA,2016-05-25,0.0800,0.0800,0.0750,0.0800,454100
DAYA,2016-05-26,0.0750,0.0800,0.0750,0.0800,155500
DAYA,2016-05-27,0.0800,0.0800,0.0750,0.0750,582000
DAYA,2016-05-30,0.0750,0.0800,0.0750,0.0800,1017200
DAYA,2016-05-31,0.0750,0.0750,0.0700,0.0700,5034900
DAYA,2016-06-01,0.0750,0.0750,0.0700,0.0700,427000
DAYA,2016-06-02,0.0700,0.0750,0.0700,0.0750,350200
DAYA,2016-06-03,0.0750,0.0750,0.0700,0.0700,231200
DAYA,2016-06-06,0.0700,0.0750,0.0700,0.0750,2066200
DAYA,2016-06-07,0.0700,0.0750,0.0700,0.0700,402100
DAYA,2016-06-08,0.0750,0.0750,0.0750,0.0750,113000
DAYA,2016-06-09,0.0750,0.0750,0.0700,0.0750,1807000
DAYA,2016-06-10,0.0750,0.0800,0.0750,0.0800,2783000
DAYA,2016-06-13,0.0800,0.0800,0.0750,0.0800,1700600
DAYA,2016-06-14,0.0750,0.0800,0.0750,0.0800,3242100
DAYA,2016-06-15,0.0800,0.0800,0.0750,0.0750,258100
DAYA,2016-06-16,0.0800,0.0800,0.0750,0.0750,6209800
DAYA,2016-06-17,0.0750,0.0750,0.0700,0.0750,4142500
DAYA,2016-06-20,0.0750,0.0750,0.0700,0.0700,174300
DAYA,2016-06-21,0.0750,0.0750,0.0700,0.0750,125000
DAYA,2016-06-23,0.0750,0.0750,0.0700,0.0750,1501000
DAYA,2016-06-24,0.0700,0.0750,0.0700,0.0700,11760900
DAYA,2016-06-27,0.0700,0.0700,0.0650,0.0700,4974300
DAYA,2016-06-30,0.0700,0.0700,0.0700,0.0700,3084500
DAYA,2016-07-01,0.0700,0.0750,0.0700,0.0750,1470000
DAYA,2016-07-04,0.0700,0.0750,0.0700,0.0700,1319000
DAYA,2016-07-05,0.0700,0.0750,0.0700,0.0750,225000
DAYA,2016-07-08,0.0700,0.0700,0.0700,0.0700,688500
DAYA,2016-07-11,0.0700,0.0700,0.0700,0.0700,717200
DAYA,2016-07-12,0.0700,0.0750,0.0700,0.0750,500100
DAYA,2016-07-13,0.0700,0.0750,0.0700,0.0750,745100
DAYA,2016-07-14,0.0700,0.0750,0.0650,0.0750,2628700
DAYA,2016-07-15,0.0700,0.0750,0.0700,0.0750,1227300
DAYA,2016-07-18,0.0700,0.0750,0.0700,0.0750,1501600
DAYA,2016-07-19,0.0700,0.0700,0.0650,0.0700,4854300
DAYA,2016-07-20,0.0700,0.0750,0.0700,0.0700,518900
DAYA,2016-07-21,0.0700,0.0750,0.0700,0.0700,1701000
DAYA,2016-07-22,0.0700,0.0750,0.0700,0.0750,3049400
DAYA,2016-07-25,0.0700,0.0750,0.0700,0.0750,1622100
DAYA,2016-07-26,0.0700,0.0750,0.0700,0.0700,1495200
DAYA,2016-07-27,0.0750,0.0800,0.0700,0.0800,19978800
DAYA,2016-07-28,0.0800,0.0800,0.0750,0.0750,8157300
DAYA,2016-07-29,0.0750,0.0750,0.0700,0.0750,346100
DAYA,2016-08-01,0.0750,0.0750,0.0700,0.0700,957400
DAYA,2016-08-02,0.0750,0.0750,0.0700,0.0700,4072300
DAYA,2016-08-03,0.0700,0.0750,0.0700,0.0700,4429300
DAYA,2016-08-04,0.0750,0.0750,0.0700,0.0750,422300
DAYA,2016-08-05,0.0700,0.0750,0.0700,0.0700,986300
DAYA,2016-08-08,0.0700,0.0750,0.0700,0.0750,2010100
DAYA,2016-08-09,0.0700,0.0700,0.0700,0.0700,610000
DAYA,2016-08-10,0.0700,0.0750,0.0700,0.0750,1649100
DAYA,2016-08-11,0.0700,0.0750,0.0700,0.0750,1026600
DAYA,2016-08-12,0.0750,0.0750,0.0700,0.0750,295000
DAYA,2016-08-15,0.0750,0.0800,0.0700,0.0800,15212000
DAYA,2016-08-16,0.0800,0.0850,0.0750,0.0800,22956900
DAYA,2016-08-17,0.0800,0.0800,0.0750,0.0800,1168700
DAYA,2016-08-18,0.0800,0.0800,0.0750,0.0750,661300
DAYA,2016-08-19,0.0750,0.0800,0.0750,0.0800,2045400
DAYA,2016-08-22,0.0800,0.0800,0.0750,0.0750,3979500
DAYA,2016-08-23,0.0750,0.0800,0.0750,0.0750,2086000
DAYA,2016-08-24,0.0800,0.0800,0.0750,0.0800,1393700
DAYA,2016-08-25,0.0800,0.0800,0.0750,0.0750,582900
DAYA,2016-08-26,0.0750,0.0750,0.0750,0.0750,2576200
DAYA,2016-08-29,0.0750,0.0750,0.0700,0.0700,7019300
DAYA,2016-08-30,0.0700,0.0750,0.0700,0.0700,1999100
DAYA,2016-09-01,0.0700,0.0700,0.0650,0.0650,4115000
DAYA,2016-09-02,0.0700,0.0700,0.0650,0.0650,2281500
DAYA,2016-09-05,0.0650,0.0700,0.0650,0.0650,1177500
DAYA,2016-09-06,0.0650,0.0700,0.0650,0.0650,1499200
DAYA,2016-09-07,0.0700,0.0700,0.0650,0.0700,1590000
DAYA,2016-09-08,0.0650,0.0650,0.0650,0.0650,205000
DAYA,2016-09-09,0.0650,0.0700,0.0650,0.0700,2182000
DAYA,2016-09-13,0.0650,0.0700,0.0650,0.0700,920500
DAYA,2016-09-14,0.0650,0.0650,0.0650,0.0650,170000
DAYA,2016-09-15,0.0650,0.0650,0.0650,0.0650,126000
DAYA,2016-09-19,0.0650,0.0650,0.0650,0.0650,2824000
DAYA,2016-09-20,0.0650,0.0700,0.0650,0.0700,1277400
DAYA,2016-09-21,0.0700,0.0700,0.0650,0.0650,2582000
DAYA,2016-09-22,0.0650,0.0700,0.0650,0.0650,337500
DAYA,2016-09-23,0.0700,0.0750,0.0650,0.0700,35393100
DAYA,2016-09-26,0.0750,0.0750,0.0650,0.0650,11326500
DAYA,2016-09-27,0.0650,0.0700,0.0650,0.0650,1063000
DAYA,2016-09-28,0.0650,0.0700,0.0650,0.0650,1158200
DAYA,2016-09-29,0.0700,0.0700,0.0650,0.0700,14399000
DAYA,2016-09-30,0.0700,0.0700,0.0650,0.0650,3439000
DAYA,2016-10-04,0.0700,0.0700,0.0700,0.0700,4288000
DAYA,2016-10-05,0.0700,0.0700,0.0650,0.0650,1222000
DAYA,2016-10-06,0.0700,0.0700,0.0650,0.0650,3579800
DAYA,2016-10-07,0.0650,0.0700,0.0650,0.0650,561000
DAYA,2016-10-10,0.0650,0.0650,0.0650,0.0650,932100
DAYA,2016-10-11,0.0650,0.0700,0.0650,0.0700,180500
DAYA,2016-10-12,0.0650,0.0700,0.0650,0.0650,2756800
DAYA,2016-10-13,0.0650,0.0700,0.0650,0.0650,456500
DAYA,2016-10-14,0.0700,0.0700,0.0650,0.0650,207700
DAYA,2016-10-17,0.0700,0.0700,0.0650,0.0650,249500
DAYA,2016-10-18,0.0650,0.0650,0.0650,0.0650,200000
DAYA,2016-10-19,0.0650,0.0650,0.0650,0.0650,320500
DAYA,2016-10-20,0.0650,0.0700,0.0650,0.0650,215000
DAYA,2016-10-21,0.0650,0.0650,0.0650,0.0650,761000
DAYA,2016-10-24,0.0650,0.0700,0.0650,0.0650,1008000
DAYA,2016-10-25,0.0650,0.0650,0.0650,0.0650,742700
DAYA,2016-10-26,0.0650,0.0650,0.0650,0.0650,1844000
DAYA,2016-10-27,0.0650,0.0650,0.0650,0.0650,8632000
DAYA,2016-10-28,0.0650,0.0650,0.0600,0.0650,752000
DAYA,2016-10-31,0.0650,0.0650,0.0600,0.0650,330000
DAYA,2016-11-01,0.0600,0.0650,0.0600,0.0650,496000
DAYA,2016-11-02,0.0600,0.0650,0.0600,0.0600,542000
DAYA,2016-11-03,0.0600,0.0650,0.0600,0.0650,2267800
DAYA,2016-11-04,0.0600,0.0650,0.0600,0.0600,2890200
DAYA,2016-11-07,0.0600,0.0600,0.0550,0.0550,577200
DAYA,2016-11-08,0.0550,0.0600,0.0550,0.0550,429000
DAYA,2016-11-09,0.0550,0.0600,0.0550,0.0600,463500
DAYA,2016-11-10,0.0600,0.0600,0.0550,0.0550,680000
DAYA,2016-11-11,0.0550,0.0600,0.0550,0.0550,3956000
DAYA,2016-11-14,0.0600,0.0600,0.0550,0.0600,1272000
DAYA,2016-11-15,0.0550,0.0600,0.0550,0.0600,83700
DAYA,2016-11-16,0.0550,0.0600,0.0550,0.0600,2540000
DAYA,2016-11-17,0.0600,0.0600,0.0600,0.0600,70000
DAYA,2016-11-18,0.0600,0.0600,0.0600,0.0600,1156000
DAYA,2016-11-21,0.0600,0.0600,0.0550,0.0550,1011300
DAYA,2016-11-22,0.0600,0.0650,0.0600,0.0600,3681800
DAYA,2016-11-23,0.0600,0.0600,0.0600,0.0600,1070000
DAYA,2016-11-24,0.0600,0.0600,0.0550,0.0600,1611500
DAYA,2016-11-25,0.0550,0.0600,0.0550,0.0600,160000
DAYA,2016-11-28,0.0600,0.0600,0.0550,0.0550,496000
DAYA,2016-11-29,0.0550,0.0600,0.0550,0.0550,173200
DAYA,2016-11-30,0.0550,0.0550,0.0550,0.0550,2346200
DAYA,2016-12-01,0.0550,0.0550,0.0500,0.0550,980000
DAYA,2016-12-02,0.0550,0.0550,0.0550,0.0550,1142000
DAYA,2016-12-05,0.0550,0.0550,0.0550,0.0550,1261000
DAYA,2016-12-06,0.0550,0.0550,0.0550,0.0550,503000
DAYA,2016-12-07,0.0550,0.0550,0.0550,0.0550,563000
DAYA,2016-12-08,0.0550,0.0550,0.0550,0.0550,191700
DAYA,2016-12-09,0.0600,0.0600,0.0550,0.0550,2049000
DAYA,2016-12-13,0.0550,0.0550,0.0550,0.0550,829000
DAYA,2016-12-14,0.0600,0.0600,0.0550,0.0550,111000
DAYA,2016-12-15,0.0550,0.0550,0.0550,0.0550,4809000
DAYA,2016-12-16,0.0550,0.0550,0.0550,0.0550,2615000
DAYA,2016-12-19,0.0550,0.0550,0.0550,0.0550,32000
DAYA,2016-12-20,0.0550,0.0550,0.0500,0.0500,693000
DAYA,2016-12-21,0.0500,0.0550,0.0500,0.0550,1230000
DAYA,2016-12-22,0.0550,0.0550,0.0550,0.0550,2244100
DAYA,2016-12-23,0.0500,0.0600,0.0500,0.0500,238100
DAYA,2016-12-27,0.0500,0.0550,0.0500,0.0550,640100
DAYA,2016-12-28,0.0550,0.0550,0.0550,0.0550,719000
DAYA,2016-12-29,0.0550,0.0650,0.0550,0.0650,11962000
DAYA,2016-12-30,0.0650,0.0650,0.0550,0.0600,8426200
DAYA,2017-01-03,0.0600,0.0650,0.0600,0.0650,9927200
DAYA,2017-01-04,0.0650,0.0650,0.0600,0.0650,6909000
DAYA,2017-01-05,0.0700,0.0750,0.0700,0.0700,24160900
DAYA,2017-01-06,0.0700,0.0700,0.0650,0.0650,3662800
DAYA,2017-01-09,0.0700,0.0700,0.0650,0.0650,1942000
DAYA,2017-01-10,0.0650,0.0700,0.0650,0.0700,1208100
DAYA,2017-01-11,0.0650,0.0700,0.0650,0.0700,4834800
DAYA,2017-01-12,0.0700,0.0700,0.0650,0.0650,1818700
DAYA,2017-01-13,0.0700,0.0700,0.0650,0.0700,910000
DAYA,2017-01-16,0.0700,0.0700,0.0650,0.0650,397500
DAYA,2017-01-17,0.0650,0.0700,0.0650,0.0650,1680100
DAYA,2017-01-18,0.0650,0.0650,0.0650,0.0650,636000
DAYA,2017-01-19,0.0650,0.0700,0.0650,0.0650,1369000
DAYA,2017-01-20,0.0700,0.0700,0.0650,0.0700,2143000
DAYA,2017-01-23,0.0650,0.0650,0.0650,0.0650,371000
DAYA,2017-01-24,0.0650,0.0650,0.0600,0.0600,3078500
DAYA,2017-01-25,0.0650,0.0650,0.0600,0.0650,684800
DAYA,2017-01-26,0.0650,0.0650,0.0600,0.0650,800200
DAYA,2017-01-27,0.0650,0.0650,0.0650,0.0650,470000
DAYA,2017-01-31,0.0650,0.0700,0.0600,0.0650,1429600
DAYA,2017-02-02,0.0650,0.0700,0.0650,0.0700,350300
DAYA,2017-02-03,0.0700,0.0750,0.0700,0.0700,12392500
DAYA,2017-02-06,0.0750,0.0750,0.0700,0.0700,1162200
DAYA,2017-02-07,0.0700,0.0750,0.0650,0.0750,7275600
DAYA,2017-02-08,0.0700,0.0750,0.0700,0.0750,2262600
DAYA,2017-02-10,0.0750,0.0750,0.0700,0.0700,906000
DAYA,2017-02-13,0.0700,0.0700,0.0700,0.0700,4481200
DAYA,2017-02-14,0.0700,0.0750,0.0700,0.0700,1558400
DAYA,2017-02-15,0.0700,0.0700,0.0700,0.0700,1634500
DAYA,2017-02-16,0.0700,0.0700,0.0700,0.0700,1479100
DAYA,2017-02-17,0.0700,0.0700,0.0650,0.0700,2856600
DAYA,2017-02-20,0.0700,0.0700,0.0650,0.0700,1603800
DAYA,2017-02-21,0.0700,0.0750,0.0700,0.0700,1816900
DAYA,2017-02-22,0.0700,0.0750,0.0700,0.0750,1316800
DAYA,2017-02-23,0.0700,0.0700,0.0700,0.0700,2078600
DAYA,2017-02-24,0.0700,0.0700,0.0650,0.0700,3193300
DAYA,2017-02-27,0.0700,0.0700,0.0700,0.0700,3823000
DAYA,2017-02-28,0.0700,0.0700,0.0650,0.0650,7766700
DAYA,2017-03-01,0.0600,0.0750,0.0600,0.0700,15914900
DAYA,2017-03-02,0.0700,0.0700,0.0650,0.0700,2490000
DAYA,2017-03-03,0.0700,0.0700,0.0650,0.0650,356000
DAYA,2017-03-06,0.0650,0.0650,0.0650,0.0650,851000
DAYA,2017-03-07,0.0650,0.0650,0.0650,0.0650,827000
DAYA,2017-03-08,0.0650,0.0700,0.0650,0.0700,776000
DAYA,2017-03-09,0.0700,0.0700,0.0650,0.0700,412000
DAYA,2017-03-10,0.0650,0.0650,0.0650,0.0650,960000
DAYA,2017-03-13,0.0650,0.0700,0.0650,0.0700,2599100
DAYA,2017-03-14,0.0700,0.0700,0.0650,0.0650,2148900
DAYA,2017-03-15,0.0650,0.0700,0.0650,0.0650,883000
DAYA,2017-03-16,0.0650,0.0750,0.0650,0.0700,16668500
DAYA,2017-03-17,0.0750,0.0750,0.0700,0.0750,9428400
DAYA,2017-03-20,0.0750,0.0750,0.0700,0.0700,2319000
DAYA,2017-03-21,0.0700,0.0850,0.0700,0.0800,31606300
DAYA,2017-03-22,0.0800,0.0950,0.0800,0.0950,81297200
DAYA,2017-03-23,0.0950,0.1050,0.0900,0.0900,62955400
DAYA,2017-03-24,0.0950,0.0950,0.0900,0.0950,5766700
DAYA,2017-03-27,0.0900,0.0950,0.0850,0.0850,18851000
DAYA,2017-03-28,0.0850,0.0900,0.0850,0.0900,6237000
DAYA,2017-03-29,0.0900,0.0950,0.0850,0.0900,15767900
DAYA,2017-03-30,0.09,0.09,0.085,0.09,11070000.0
DAYA,2017-03-31,0.095,0.1,0.09,0.09,21710000.0
DAYA,2017-04-03,0.09,0.095,0.09,0.09,2540000.0
DAYA,2017-04-04,0.09,0.095,0.085,0.09,13160000.0
DAYA,2017-04-05,0.09,0.095,0.09,0.09,5400000.0
DAYA,2017-04-06,0.09,0.09,0.085,0.085,6150000.0
DAYA,2017-04-07,0.09,0.095,0.085,0.09,15910000.0
DAYA,2017-04-10,0.09,0.095,0.09,0.09,7720000.0
DAYA,2017-04-11,0.09,0.095,0.09,0.09,7270000.0
DAYA,2017-04-12,0.09,0.09,0.085,0.085,964000.0
DAYA,2017-04-13,0.085,0.09,0.085,0.09,3910000.0
DAYA,2017-04-14,0.09,0.09,0.085,0.085,1870000.0
DAYA,2017-04-17,0.085,0.09,0.085,0.085,542500.0
DAYA,2017-04-18,0.085,0.085,0.085,0.085,1180000.0
DAYA,2017-04-19,0.085,0.09,0.085,0.085,6570000.0
DAYA,2017-04-20,0.09,0.09,0.085,0.085,2640000.0
DAYA,2017-04-21,0.085,0.085,0.085,0.085,1440000.0
DAYA,2017-04-25,0.085,0.09,0.085,0.085,3430000.0
DAYA,2017-04-26,0.085,0.085,0.085,0.085,668000.0
DAYA,2017-04-27,0.09,0.09,0.085,0.085,2350000.0
DAYA,2017-04-28,0.085,0.09,0.085,0.09,1470000.0
DAYA,2017-05-02,0.08,0.085,0.08,0.08,8160000.0
DAYA,2017-05-03,0.085,0.085,0.08,0.08,1720000.0
DAYA,2017-05-04,0.08,0.085,0.08,0.085,2580000.0
DAYA,2017-05-05,0.08,0.085,0.075,0.08,6650000.0
DAYA,2017-05-08,0.08,0.08,0.08,0.08,2620000.0
DAYA,2017-05-09,0.08,0.08,0.075,0.08,517000.0
DAYA,2017-05-11,0.08,0.085,0.08,0.08,3430000.0
DAYA,2017-05-12,0.08,0.08,0.08,0.08,885100.0
DAYA,2017-05-15,0.08,0.085,0.08,0.08,2330000.0
DAYA,2017-05-16,0.085,0.085,0.08,0.08,705700.0
DAYA,2017-05-17,0.08,0.08,0.08,0.08,1060000.0
DAYA,2017-05-18,0.08,0.085,0.08,0.085,4600000.0
DAYA,2017-05-19,0.08,0.085,0.08,0.085,384300.0
DAYA,2017-05-22,0.085,0.09,0.085,0.09,7340000.0
DAYA,2017-05-23,0.09,0.09,0.08,0.085,6490000.0
DAYA,2017-05-24,0.085,0.085,0.08,0.085,372500.0
DAYA,2017-05-25,0.085,0.085,0.08,0.085,604000.0
DAYA,2017-05-26,0.08,0.085,0.08,0.08,1160000.0
DAYA,2017-05-29,0.08,0.085,0.08,0.085,854000.0
DAYA,2017-05-30,0.085,0.085,0.08,0.08,1050000.0
DAYA,2017-05-31,0.08,0.085,0.08,0.08,1400000.0
DAYA,2017-06-01,0.08,0.08,0.08,0.08,1260000.0
DAYA,2017-06-02,0.08,0.085,0.08,0.08,10270000.0
DAYA,2017-06-05,0.085,0.085,0.08,0.085,643000.0
DAYA,2017-06-06,0.085,0.085,0.08,0.08,430000.0
DAYA,2017-06-07,0.08,0.085,0.08,0.08,1100000.0
DAYA,2017-06-08,0.085,0.085,0.08,0.08,2910000.0
DAYA,2017-06-09,0.085,0.085,0.08,0.085,3730000.0
DAYA,2017-06-13,0.085,0.085,0.08,0.08,790000.0
DAYA,2017-06-14,0.08,0.08,0.08,0.08,1570000.0
DAYA,2017-06-15,0.08,0.085,0.08,0.085,590000.0
DAYA,2017-06-16,0.085,0.085,0.08,0.085,2600000.0
DAYA,2017-06-19,0.08,0.08,0.08,0.08,2250000.0
DAYA,2017-06-20,0.08,0.085,0.08,0.085,1750000.0
DAYA,2017-06-21,0.08,0.085,0.08,0.08,1160000.0
DAYA,2017-06-22,0.08,0.085,0.08,0.08,2710000.0
DAYA,2017-06-23,0.085,0.085,0.08,0.08,254000.0
DAYA,2017-06-28,0.085,0.085,0.08,0.08,1540000.0
DAYA,2017-06-29,0.08,0.085,0.08,0.08,6470000.0
DAYA,2017-06-30,0.08,0.08,0.075,0.08,2340000.0
DAYA,2017-07-03,0.075,0.075,0.075,0.075,30800.0
DAYA,2017-07-04,0.075,0.08,0.075,0.075,111100.0
DAYA,2017-07-05,0.075,0.08,0.075,0.08,2300000.0
DAYA,2017-07-06,0.075,0.075,0.075,0.075,5600.0
DAYA,2017-07-07,0.075,0.075,0.075,0.075,190000.0
DAYA,2017-07-10,0.075,0.075,0.075,0.075,864000.0
DAYA,2017-07-11,0.075,0.075,0.07,0.075,5520000.0
DAYA,2017-07-12,0.075,0.08,0.075,0.08,2460000.0
DAYA,2017-07-13,0.075,0.075,0.075,0.075,50000.0
DAYA,2017-07-14,0.075,0.08,0.075,0.08,222000.0
DAYA,2017-07-17,0.075,0.08,0.075,0.075,525100.0
DAYA,2017-07-18,0.075,0.075,0.075,0.075,1220000.0
DAYA,2017-07-19,0.075,0.075,0.075,0.075,160000.0
DAYA,2017-07-20,0.075,0.075,0.075,0.075,73000.0
DAYA,2017-07-21,0.075,0.075,0.075,0.075,150000.0
DAYA,2017-07-24,0.075,0.075,0.075,0.075,670000.0
DAYA,2017-07-25,0.075,0.075,0.075,0.075,287500.0
DAYA,2017-07-26,0.075,0.08,0.075,0.075,442000.0
DAYA,2017-07-27,0.08,0.08,0.075,0.075,243300.0
DAYA,2017-07-28,0.075,0.075,0.075,0.075,1230000.0
DAYA,2017-07-31,0.075,0.075,0.075,0.075,1370000.0
DAYA,2017-08-01,0.075,0.075,0.075,0.075,721000.0
DAYA,2017-08-02,0.08,0.08,0.075,0.075,5080000.0
DAYA,2017-08-03,0.075,0.075,0.07,0.075,298200.0
DAYA,2017-08-04,0.07,0.075,0.07,0.075,492000.0
DAYA,2017-08-07,0.075,0.075,0.07,0.075,565000.0
DAYA,2017-08-08,0.075,0.075,0.07,0.07,685300.0
DAYA,2017-08-09,0.07,0.07,0.07,0.07,110000.0
DAYA,2017-08-10,0.07,0.075,0.07,0.075,231000.0
DAYA,2017-08-11,0.07,0.07,0.065,0.07,3970000.0
DAYA,2017-08-14,0.065,0.07,0.065,0.065,486000.0
DAYA,2017-08-15,0.065,0.07,0.065,0.07,841000.0
DAYA,2017-08-16,0.065,0.065,0.065,0.065,556500.0
DAYA,2017-08-17,0.065,0.07,0.065,0.07,212500.0
DAYA,2017-08-18,0.065,0.07,0.065,0.07,195000.0
DAYA,2017-08-21,0.065,0.065,0.065,0.065,110000.0
DAYA,2017-08-22,0.07,0.07,0.065,0.065,1020000.0
DAYA,2017-08-23,0.065,0.07,0.065,0.065,424500.0
DAYA,2017-08-24,0.07,0.07,0.06,0.065,9390000.0
DAYA,2017-08-25,0.065,0.065,0.06,0.065,862000.0
DAYA,2017-08-28,0.065,0.065,0.06,0.06,480000.0
DAYA,2017-08-29,0.06,0.065,0.06,0.065,700000.0
DAYA,2017-08-30,0.06,0.065,0.06,0.06,205200.0
DAYA,2017-09-05,0.06,0.065,0.06,0.065,7770000.0
DAYA,2017-09-06,0.065,0.065,0.06,0.065,2870000.0
DAYA,2017-09-07,0.06,0.065,0.055,0.065,4340000.0
DAYA,2017-09-08,0.06,0.06,0.06,0.06,219900.0
DAYA,2017-09-11,0.065,0.065,0.06,0.06,585000.0
DAYA,2017-09-12,0.06,0.075,0.06,0.07,23960000.0
DAYA,2017-09-13,0.07,0.07,0.065,0.065,2750000.0
DAYA,2017-09-14,0.065,0.07,0.065,0.065,1450000.0
DAYA,2017-09-15,0.07,0.07,0.065,0.065,600100.0
DAYA,2017-09-18,0.07,0.075,0.065,0.075,6410000.0
DAYA,2017-09-19,0.075,0.08,0.07,0.075,8730000.0
DAYA,2017-09-20,0.07,0.085,0.07,0.085,40250000.0
DAYA,2017-09-21,0.085,0.09,0.08,0.08,46920000.0
DAYA,2017-09-25,0.085,0.085,0.08,0.08,24480000.0
DAYA,2017-09-26,0.08,0.085,0.075,0.08,7830000.0
DAYA,2017-09-27,0.08,0.085,0.075,0.075,5650000.0
DAYA,2017-09-28,0.075,0.08,0.075,0.075,7080000.0
DAYA,2017-09-29,0.075,0.08,0.075,0.075,5500000.0
DAYA,2017-10-02,0.075,0.075,0.07,0.075,4080000.0
DAYA,2017-10-03,0.07,0.075,0.07,0.07,777900.0
DAYA,2017-10-04,0.075,0.075,0.07,0.075,7530000.0
DAYA,2017-10-05,0.075,0.08,0.07,0.08,2130000.0
DAYA,2017-10-06,0.08,0.08,0.075,0.075,3150000.0
DAYA,2017-10-09,0.075,0.08,0.075,0.075,1720000.0
DAYA,2017-10-10,0.075,0.075,0.075,0.075,1000000.0
DAYA,2017-10-11,0.08,0.08,0.075,0.075,1870000.0
DAYA,2017-10-12,0.08,0.08,0.075,0.08,12300000.0
DAYA,2017-10-13,0.08,0.085,0.08,0.08,1310000.0
DAYA,2017-10-16,0.08,0.085,0.08,0.085,1900000.0
DAYA,2017-10-17,0.085,0.085,0.08,0.085,523500.0
DAYA,2017-10-19,0.085,0.085,0.08,0.08,3640000.0
DAYA,2017-10-20,0.08,0.085,0.08,0.08,2000000.0
DAYA,2017-10-23,0.08,0.085,0.08,0.08,1360000.0
DAYA,2017-10-24,0.085,0.085,0.08,0.08,5210000.0
DAYA,2017-10-25,0.08,0.08,0.08,0.08,1560000.0
DAYA,2017-10-26,0.08,0.085,0.08,0.08,1090000.0
DAYA,2017-10-27,0.08,0.09,0.08,0.09,13610000.0
DAYA,2017-10-30,0.09,0.09,0.085,0.09,3620000.0
DAYA,2017-10-31,0.085,0.085,0.08,0.08,13090000.0
DAYA,2017-11-01,0.08,0.085,0.08,0.08,1270000.0
DAYA,2017-11-02,0.08,0.085,0.08,0.08,2060000.0
DAYA,2017-11-03,0.085,0.085,0.08,0.08,4760000.0
DAYA,2017-11-06,0.085,0.085,0.08,0.08,1520000.0
DAYA,2017-11-07,0.08,0.085,0.08,0.08,551300.0
DAYA,2017-11-08,0.08,0.085,0.08,0.085,1680000.0
DAYA,2017-11-09,0.08,0.085,0.08,0.085,1070000.0
DAYA,2017-11-10,0.08,0.085,0.08,0.085,700500.0
DAYA,2017-11-13,0.085,0.085,0.08,0.08,2310000.0
DAYA,2017-11-14,0.08,0.085,0.08,0.08,2210000.0
DAYA,2017-11-15,0.08,0.08,0.08,0.08,1690000.0
DAYA,2017-11-16,0.08,0.08,0.075,0.075,897000.0
DAYA,2017-11-17,0.08,0.08,0.075,0.075,704000.0
DAYA,2017-11-20,0.075,0.075,0.075,0.075,2260000.0
DAYA,2017-11-21,0.075,0.08,0.075,0.075,1950000.0
DAYA,2017-11-22,0.075,0.08,0.075,0.08,606900.0
DAYA,2017-11-23,0.08,0.08,0.075,0.075,3170000.0
DAYA,2017-11-24,0.075,0.075,0.075,0.075,3380000.0
DAYA,2017-11-27,0.075,0.075,0.075,0.075,1200000.0
DAYA,2017-11-28,0.075,0.075,0.07,0.075,624000.0
DAYA,2017-11-29,0.075,0.075,0.07,0.075,2160000.0
DAYA,2017-11-30,0.07,0.075,0.07,0.075,1010000.0
DAYA,2017-12-04,0.07,0.075,0.07,0.075,608500.0
DAYA,2017-12-05,0.07,0.07,0.07,0.07,5930000.0
DAYA,2017-12-06,0.07,0.07,0.07,0.07,1630000.0
DAYA,2017-12-07,0.07,0.07,0.065,0.065,390000.0
DAYA,2017-12-08,0.065,0.065,0.065,0.065,445000.0
DAYA,2017-12-11,0.065,0.07,0.065,0.07,1540000.0
DAYA,2017-12-12,0.07,0.075,0.065,0.075,3150000.0
DAYA,2017-12-13,0.075,0.075,0.07,0.075,101000.0
DAYA,2017-12-14,0.07,0.075,0.07,0.07,3210000.0
DAYA,2017-12-15,0.07,0.075,0.07,0.07,1080000.0
DAYA,2017-12-18,0.07,0.075,0.07,0.07,494000.0
DAYA,2017-12-19,0.07,0.07,0.07,0.07,200000.0
DAYA,2017-12-20,0.07,0.07,0.07,0.07,567700.0
DAYA,2017-12-21,0.07,0.07,0.07,0.07,2510000.0
DAYA,2017-12-22,0.075,0.08,0.075,0.075,6230000.0
DAYA,2017-12-26,0.075,0.075,0.075,0.075,863000.0
DAYA,2017-12-27,0.075,0.08,0.075,0.075,850500.0
DAYA,2017-12-28,0.08,0.08,0.075,0.075,564500.0
DAYA,2017-12-29,0.075,0.08,0.075,0.075,1390000.0
DAYA,2018-01-02,0.075,0.08,0.075,0.075,899200.0
DAYA,2018-01-03,0.075,0.085,0.075,0.08,15810000.0
DAYA,2018-01-04,0.08,0.085,0.08,0.08,18910000.0
DAYA,2018-01-05,0.08,0.09,0.08,0.085,63280000.0
DAYA,2018-01-08,0.085,0.09,0.08,0.085,20640000.0
DAYA,2018-01-09,0.085,0.09,0.08,0.085,14530000.0
DAYA,2018-01-10,0.09,0.09,0.085,0.085,18200000.0
DAYA,2018-01-11,0.09,0.09,0.08,0.085,15820000.0
DAYA,2018-01-12,0.085,0.09,0.085,0.09,4320000.0
DAYA,2018-01-15,0.09,0.095,0.085,0.09,49250000.0
DAYA,2018-01-16,0.09,0.11,0.085,0.105,249030000.0
DAYA,2018-01-17,0.1,0.105,0.09,0.095,48610000.0
DAYA,2018-01-18,0.095,0.095,0.085,0.09,44920000.0
DAYA,2018-01-19,0.09,0.095,0.085,0.095,19080000.0
DAYA,2018-01-22,0.09,0.095,0.085,0.09,43250000.0
DAYA,2018-01-23,0.09,0.095,0.085,0.09,34690000.0
DAYA,2018-01-24,0.09,0.095,0.085,0.09,18570000.0
DAYA,2018-01-25,0.09,0.095,0.085,0.09,39230000.0
DAYA,2018-01-26,0.09,0.095,0.085,0.09,9530000.0
DAYA,2018-01-29,0.09,0.095,0.085,0.09,3950000.0
DAYA,2018-01-30,0.085,0.09,0.085,0.085,3390000.0
DAYA,2018-02-02,0.09,0.09,0.085,0.085,7610000.0
DAYA,2018-02-05,0.085,0.085,0.08,0.085,9120000.0
DAYA,2018-02-06,0.08,0.08,0.075,0.08,18570000.0
DAYA,2018-02-07,0.08,0.085,0.075,0.08,4320000.0
DAYA,2018-02-08,0.08,0.08,0.08,0.08,1780000.0
DAYA,2018-02-09,0.075,0.08,0.075,0.08,8670000.0
DAYA,2018-02-12,0.08,0.08,0.075,0.08,6840000.0
DAYA,2018-02-13,0.08,0.08,0.075,0.075,3050000.0
DAYA,2018-02-14,0.08,0.08,0.075,0.08,5100000.0
DAYA,2018-02-15,0.08,0.08,0.08,0.08,3950000.0
DAYA,2018-02-19,0.08,0.085,0.08,0.085,15460000.0
DAYA,2018-02-20,0.08,0.085,0.075,0.08,4220000.0
DAYA,2018-02-21,0.08,0.08,0.075,0.075,2470000.0
DAYA,2018-02-22,0.075,0.08,0.075,0.075,4400000.0
DAYA,2018-02-23,0.075,0.08,0.075,0.075,2800000.0
DAYA,2018-02-26,0.08,0.08,0.075,0.075,2390000.0
DAYA,2018-02-27,0.08,0.08,0.075,0.075,1800000.0
DAYA,2018-02-28,0.075,0.075,0.065,0.07,33040000.0
DAYA,2018-03-01,0.045,0.045,0.035,0.04,154370000.0
DAYA,2018-03-02,0.045,0.05,0.04,0.045,87790000.0
DAYA,2018-03-05,0.045,0.045,0.04,0.04,55520000.0
DAYA,2018-03-06,0.045,0.045,0.04,0.04,18030000.0
DAYA,2018-03-07,0.04,0.045,0.035,0.04,60780000.0
DAYA,2018-03-08,0.04,0.04,0.035,0.04,27370000.0
DAYA,2018-03-09,0.035,0.04,0.035,0.035,9720000.0
DAYA,2018-03-12,0.035,0.04,0.035,0.04,7280000.0
DAYA,2018-03-13,0.035,0.04,0.035,0.035,3390000.0
DAYA,2018-03-14,0.035,0.04,0.035,0.035,3000000.0
DAYA,2018-03-15,0.035,0.04,0.03,0.04,44360000.0
DAYA,2018-03-16,0.04,0.04,0.035,0.04,737100.0
DAYA,2018-03-19,0.04,0.04,0.035,0.035,12390000.0
DAYA,2018-03-20,0.035,0.04,0.03,0.035,7760000.0
DAYA,2018-03-21,0.035,0.035,0.03,0.03,5720000.0
DAYA,2018-03-22,0.035,0.04,0.035,0.035,21200000.0
DAYA,2018-03-23,0.035,0.04,0.03,0.03,9440000.0
DAYA,2018-03-26,0.03,0.035,0.03,0.035,622000.0
DAYA,2018-03-27,0.035,0.035,0.03,0.03,1190000.0
DAYA,2018-03-28,0.03,0.035,0.03,0.035,6400000.0
